0 1.471012 
1 1.472103 
2 1.502703 
3 1.557124 
4 1.622961 
5 1.688235 
6 1.756264 
7 1.830234 
8 1.910045 
9 1.999651 
10 2.099626 
11 2.211028 
12 2.329107 
13 2.456711 
14 2.590837 
15 2.724564 
16 2.854970 
17 2.987783 
18 3.122075 
19 3.255145 
20 3.320233 
21 3.393015 
22 3.469159 
23 3.551888 
24 3.622681 
25 3.740158 
26 3.820343 
27 3.878688 
28 3.960151 
29 4.045384 
30 4.174692 
31 4.366071 
32 4.680920 
33 4.768198 
34 4.863139 
35 4.952671 
36 5.042426 
37 5.106920 
38 5.167143 
39 5.240001 
40 5.294022 
41 5.332901 
42 5.365057 
43 5.415765 
44 5.479944 
45 5.534698 
46 5.579230 
47 5.606733 
48 5.625187 
