0.000447
0.000217
0.000309
0.000349
0.000321
0.000408
0.000425
0.000228
0.000370
0.000684
0.000320
0.000226
0.000253
0.000606
0.000281
0.000293
0.000403
0.000398
0.000193
0.000392
0.000293
0.000532
0.000213
0.000366
0.000483
0.000263
0.000318
0.000387
0.000247
0.000549
0.000180
0.000341
0.000378
0.000592
0.000246
0.000465
0.000296
0.000318
0.000322
0.000342
0.000380
0.000298
0.000519
0.000437
0.000453
0.000383
0.000548
0.000520
0.000190
0.000297
0.000273
0.000372
0.000402
0.000335
0.000345
0.000461
0.000338
0.000501
0.000316
0.000337
0.000296
0.000268
0.000442
0.000408
0.000315
0.000537
0.000335
0.000297
0.000404
0.000581
0.000336
0.000235
0.000373
0.000246
0.000533
0.000482
0.000606
0.000367
0.000404
0.000698
0.000678
0.000289
0.000383
0.000388
0.000197
0.000415
0.000476
0.000424
0.000419
0.000398
0.000277
0.000478
0.000466
0.000345
0.000359
0.000346
0.000474
0.000409
0.000311
0.000441
