0.000284
0.000385
0.000345
0.000405
0.000578
0.000363
0.000302
0.000406
0.000333
0.000511
0.000358
0.000276
0.000411
0.000368
0.000270
0.000755
0.000434
0.000475
0.000508
0.000556
0.000605
0.000445
0.000343
0.000455
0.000635
0.000366
0.000366
0.000601
0.000375
0.000480
0.000440
0.000529
0.000615
0.000660
0.000350
0.000428
0.000437
0.000390
0.000450
0.000326
0.000482
0.000543
0.000656
0.000411
0.000693
0.000232
0.000482
0.000406
0.000411
0.000341
0.000296
0.000699
0.000357
0.000442
0.000956
0.000624
0.000483
0.000390
0.000366
0.000355
0.000335
0.000533
0.000470
0.000322
0.000632
0.000337
0.000351
0.000508
0.000508
0.000388
0.000409
0.000596
0.000626
0.000642
0.000426
0.000333
0.000395
0.000561
0.000228
0.000351
0.000508
0.000528
0.000470
0.000451
0.000444
0.000400
0.000682
0.000502
0.000584
0.000295
0.000737
0.000495
0.000439
0.000451
0.000537
0.000198
0.000703
0.000398
0.000530
0.000480
