0.001141
0.001158
0.000260
0.000966
0.001219
0.000477
0.001019
0.001368
0.000724
0.001125
0.000682
0.001325
0.000838
0.001062
0.000593
0.000745
0.001446
0.000758
0.001046
0.001977
0.000549
0.000588
0.000705
0.000743
0.000710
0.000599
0.000704
0.000680
0.003368
0.000455
0.000703
0.002464
0.001487
0.001445
0.000785
0.001885
0.001568
0.002318
0.000853
0.001062
0.000534
0.000427
0.000438
0.000576
0.003007
0.001749
0.000686
0.001182
0.000816
0.000653
0.000989
0.001610
0.001842
0.000732
0.001033
0.001440
0.001015
0.000947
0.001003
0.001589
0.000698
0.001430
0.000936
0.001067
0.000729
0.000567
0.000427
0.002029
0.001008
0.001067
0.001487
0.001682
0.000512
0.000815
0.000564
0.001829
0.002277
0.000835
0.002293
0.000615
0.001037
0.001435
0.001388
0.001209
0.000799
0.000651
0.001456
0.000741
0.000771
0.000722
0.001293
0.001113
0.000837
0.001108
0.001236
0.001923
0.000648
0.001010
0.002305
0.000620
