0.000780
0.000557
0.000489
0.000525
0.000732
0.000317
0.000508
0.000192
0.000318
0.000557
0.000720
0.000587
0.000447
0.000621
0.000213
0.000266
0.000676
0.000487
0.001278
0.000376
0.000603
0.000624
0.000607
0.000331
0.000215
0.000946
0.000176
0.000824
0.000484
0.000593
0.000400
0.000173
0.000605
0.000309
0.000431
0.000600
0.000507
0.000291
0.000819
0.000376
0.000391
0.000284
0.000228
0.000262
0.000342
0.000500
0.000819
0.000494
0.000399
0.000252
0.000606
0.000481
0.000354
0.000487
0.000411
0.000282
0.000444
0.000430
0.000369
0.000297
0.000324
0.000230
0.000566
0.000335
0.000664
0.000337
0.000219
0.000309
0.000450
0.000726
0.000936
0.000603
0.000867
0.000386
0.000396
0.000675
0.000720
0.000183
0.000474
0.000359
0.000373
0.000648
0.000236
0.000610
0.000630
0.000778
0.000443
0.000433
0.000603
0.000600
0.000292
0.000286
0.000637
0.000635
0.000468
0.000460
0.000447
0.000441
0.001024
0.000648
