0.002044
0.002311
0.000619
0.002328
0.000302
0.002070
0.000720
0.001703
0.001036
0.000414
0.000580
0.000696
0.001699
0.001108
0.002867
0.002079
0.001603
0.000992
0.000705
0.000682
0.002560
0.001787
0.002229
0.000606
0.001300
0.000998
0.001764
0.002825
0.001726
0.002099
0.002193
0.002632
0.001794
0.000833
0.000475
0.003432
0.000341
0.000521
0.000842
0.001192
0.000997
0.000997
0.000612
0.003907
0.001499
0.000908
0.000650
0.000410
0.001545
0.000467
0.001159
0.001392
0.002433
0.000599
0.000970
0.000561
0.001297
0.001094
0.002746
0.001446
0.002306
0.000654
0.001216
0.005528
0.002158
0.002835
0.000850
0.000352
0.001079
0.002466
0.000878
0.001900
0.001238
0.000875
0.000697
0.002038
0.000698
0.002323
0.000641
0.002484
0.001305
0.000668
0.000749
0.002687
0.003452
0.000997
0.000278
0.000998
0.000577
0.000343
0.003017
0.000958
0.001014
0.001680
0.001203
0.000689
0.000554
0.000584
0.001092
0.000533
