0.000341
0.000478
0.000066
0.000234
0.000361
0.000351
0.000137
0.000584
0.000238
0.000552
0.000195
0.000367
0.000086
0.000464
0.000414
0.000363
0.000244
0.000361
0.000506
0.000138
0.000372
0.000057
0.000257
0.000254
0.000523
0.000366
0.000365
0.000522
0.000455
0.000213
0.000368
0.000207
0.000586
0.000306
0.000259
0.000361
0.000365
0.000287
0.000238
0.000241
0.000392
0.000172
0.000465
0.000376
0.000988
0.000685
0.000485
0.000364
0.000124
0.000177
0.000246
0.000470
0.000422
0.000631
0.000971
0.000170
0.000352
0.000419
0.000162
0.000349
0.000214
0.000266
0.000088
0.000223
0.000736
0.000623
0.000541
0.000566
0.000267
0.000569
0.000306
0.000248
0.000315
0.000249
0.000281
0.000538
0.000409
0.000373
0.000672
0.000111
0.000687
0.000313
0.000260
0.000315
0.000473
0.000370
0.000476
0.000217
0.000382
0.000441
0.000450
0.000191
0.000360
0.000231
0.000374
0.000305
0.000222
0.000395
0.000726
0.000415
