0.000382
0.000581
0.000222
0.000402
0.000752
0.000381
0.000448
0.000627
0.000171
0.000324
0.000513
0.000531
0.001212
0.001003
0.000621
0.000517
0.000568
0.000408
0.000788
0.000965
0.000431
0.000752
0.000684
0.000551
0.000654
0.000740
0.000266
0.000580
0.000821
0.000527
0.000188
0.000601
0.000511
0.000855
0.000458
0.000575
0.000386
0.001011
0.000832
0.000171
0.000243
0.000338
0.000460
0.000532
0.000713
0.000455
0.000618
0.000806
0.000516
0.000521
0.000652
0.000810
0.000602
0.000719
0.000323
0.000842
0.000382
0.000447
0.000954
0.000316
0.000284
0.000589
0.000496
0.000479
0.000505
0.000296
0.000626
0.000868
0.000677
0.000341
0.000376
0.000546
0.001007
0.000105
0.000469
0.000276
0.001255
0.000722
0.000555
0.000956
0.000412
0.000571
0.000738
0.000421
0.000634
0.000815
0.000699
0.000651
0.000319
0.000506
0.000447
0.000586
0.000700
0.000505
0.000809
0.000491
0.000625
0.000602
0.000489
0.000754
