0.004884
0.002278
0.006538
0.001152
0.002030
0.001798
0.002534
0.004110
0.000969
0.003910
0.001173
0.003443
0.001638
0.001274
0.000482
0.000938
0.001383
0.001182
0.002912
0.004149
0.002647
0.002577
0.001551
0.003253
0.000444
0.000475
0.003157
0.002460
0.000668
0.002304
0.002241
0.001288
0.001273
0.000933
0.001042
0.003578
0.003418
0.001349
0.002635
0.002095
0.003857
0.003890
0.003689
0.001178
0.005175
0.002917
0.004218
0.002531
0.001731
0.002329
0.001964
0.001201
0.002542
0.000770
0.000532
0.001222
0.004063
0.006018
0.001798
0.000950
0.001958
0.001912
0.000577
0.001006
0.001738
0.002325
0.002247
0.000687
0.000762
0.002005
0.001569
0.003751
0.000850
0.002692
0.001350
0.002650
0.002935
0.001157
0.001301
0.002507
0.001717
0.001380
0.000345
0.003262
0.013581
0.001212
0.000823
0.002438
0.000841
0.002155
0.002562
0.001508
0.005090
0.001131
0.004515
0.001720
0.001154
0.003579
0.001776
0.001443
