0.000397
0.000203
0.000480
0.000484
0.000606
0.000085
0.000298
0.000574
0.000155
0.000310
0.000365
0.000266
0.000241
0.000424
0.000375
0.000401
0.000111
0.000535
0.000170
0.000166
0.000561
0.000339
0.000216
0.000555
0.000219
0.000284
0.000516
0.000176
0.000547
0.000873
0.000099
0.000297
0.000465
0.000175
0.000651
0.000328
0.000561
0.000526
0.000331
0.000330
0.000261
0.000087
0.000968
0.000778
0.000331
0.000188
0.000078
0.000537
0.000418
0.000241
0.000313
0.000042
0.000269
0.000527
0.000197
0.000201
0.000275
0.000193
0.000553
0.000736
0.000345
0.000412
0.000200
0.000246
0.000285
0.000428
0.000189
0.000264
0.000514
0.000389
0.000567
0.000129
0.000163
0.000722
0.000121
0.000979
0.000443
0.000367
0.000338
0.000266
0.000246
0.000218
0.000678
0.000664
0.000332
0.000194
0.000305
0.000435
0.000248
0.000113
0.000459
0.000340
0.001005
0.000654
0.000330
0.000544
0.000541
0.000657
0.000476
0.000441
