0.000500
0.000306
0.001036
0.000239
0.000532
0.000238
0.001346
0.001179
0.000161
0.000558
0.000922
0.000189
0.000205
0.000346
0.000391
0.000755
0.000098
0.000089
0.000397
0.000133
0.000424
0.000493
0.000599
0.000996
0.000802
0.000579
0.000532
0.000459
0.000120
0.000388
0.000514
0.000443
0.000178
0.000661
0.000540
0.000386
0.000627
0.000935
0.000519
0.000143
0.000390
0.000787
0.000460
0.000652
0.000659
0.000341
0.000160
0.000390
0.000461
0.000463
0.000756
0.000008
0.001176
0.000675
0.000265
0.000853
0.000180
0.000554
0.000471
0.000615
0.000372
0.000273
0.000819
0.000209
0.000799
0.000680
0.000846
0.000179
0.000618
0.000294
0.000522
0.000256
0.000194
0.001051
0.000068
0.000172
0.000500
0.000685
0.000639
0.000688
0.000053
0.001005
0.000689
0.000563
0.000868
0.000775
0.000296
0.000431
0.000338
0.000131
0.000334
0.000369
0.000473
0.000962
0.000838
0.000348
0.000244
0.000398
0.000249
0.000710
