0.008309
0.005904
0.004441
0.002087
0.017701
0.005339
0.005584
0.002202
0.010422
0.004016
0.013474
0.009557
0.007320
0.003626
0.001197
0.003553
0.010927
0.000818
0.003258
0.001455
0.009943
0.004321
0.002201
0.006165
0.003592
0.017712
0.007410
0.008447
0.005010
0.002453
0.001807
0.011989
0.001141
0.003202
0.004106
0.007462
0.004610
0.000810
0.006608
0.001780
0.002521
0.005788
0.003433
0.001967
0.006700
0.003812
0.000538
0.007642
0.003974
0.009603
0.003433
0.012820
0.006859
0.011714
0.004862
0.006174
0.002667
0.017987
0.002854
0.004557
0.006601
0.001703
0.008325
0.004365
0.004365
0.006783
0.021707
0.006025
0.003411
0.001104
0.003403
0.016684
0.002154
0.001779
0.006486
0.010681
0.038431
0.001894
0.000970
0.007393
0.005290
0.023499
0.005014
0.005386
0.007033
0.005356
0.002949
0.011452
0.005296
0.006132
0.008699
0.009464
0.003444
0.002693
0.010200
0.007364
0.004413
0.003973
0.011440
0.007074
