0.000650
0.001634
0.000712
0.000630
0.000303
0.000632
0.000729
0.000487
0.000458
0.000246
0.001275
0.001022
0.001166
0.000940
0.001518
0.000374
0.001336
0.000402
0.001177
0.000194
0.000305
0.000933
0.001688
0.000922
0.000724
0.001242
0.000994
0.000667
0.001279
0.000521
0.000633
0.000311
0.000750
0.000392
0.000745
0.000480
0.000429
0.000720
0.000730
0.001370
0.001126
0.000872
0.000552
0.000581
0.000698
0.000729
0.000367
0.000503
0.000433
0.000696
0.000454
0.002355
0.000727
0.001480
0.000849
0.000304
0.001032
0.000657
0.001431
0.000356
0.000789
0.000648
0.002464
0.001163
0.000737
0.000322
0.000791
0.001322
0.000904
0.000684
0.000566
0.000763
0.002214
0.000311
0.000402
0.001068
0.000456
0.000147
0.000768
0.001090
0.000542
0.001440
0.000889
0.000264
0.000568
0.000421
0.000167
0.000748
0.000887
0.000320
0.000829
0.000820
0.000996
0.000612
0.001836
0.001635
0.000979
0.000548
0.001631
0.000765
