0.053059
0.031157
0.061900
0.010781
0.013028
0.028544
0.024961
0.014078
0.028410
0.006818
0.057406
0.012218
0.012426
0.080315
0.019533
0.017486
0.036930
0.018422
0.025108
0.031528
0.017353
0.022003
0.064835
0.024296
0.003205
0.001311
0.051596
0.033071
0.004297
0.008299
0.036825
0.046104
0.020407
0.114194
0.016195
0.036020
0.028753
0.048855
0.024971
0.033885
0.008907
0.022109
0.009106
0.031247
0.046185
0.013031
0.021786
0.012529
0.044340
0.018173
0.025859
0.117690
0.025783
0.033769
0.038787
0.072048
0.028094
0.009522
0.044360
0.014928
0.023107
0.037670
0.017073
0.021182
0.003342
0.042292
0.039653
0.081273
0.013491
0.001787
0.019151
0.011329
0.106313
0.037135
0.058849
0.011318
0.017610
0.017695
0.026331
0.018831
0.039280
0.018789
0.017877
0.002827
0.023818
0.021935
0.008504
0.049239
0.029767
0.042037
0.052135
0.032641
0.030563
0.027675
0.018784
0.038295
0.031310
0.015171
0.021389
0.060728
