0.000404
0.001949
0.000480
0.001704
0.001305
0.000464
0.000351
0.000484
0.000439
0.001499
0.000181
0.001149
0.000678
0.000281
0.001168
0.000377
0.001059
0.001376
0.000445
0.000917
0.000792
0.000117
0.001151
0.000671
0.000711
0.000564
0.000535
0.000300
0.000792
0.003094
0.000789
0.000921
0.000647
0.000593
0.000505
0.000135
0.000066
0.001066
0.000501
0.001098
0.001374
0.000732
0.000210
0.001081
0.000349
0.001515
0.001937
0.002249
0.001180
0.000113
0.000098
0.000992
0.000205
0.000189
0.001365
0.000979
0.001328
0.002182
0.001340
0.000650
0.000710
0.001033
0.001275
0.001424
0.000754
0.000332
0.000737
0.001031
0.000697
0.000525
0.001228
0.000150
0.000156
0.000567
0.000820
0.000161
0.000864
0.001195
0.000989
0.000839
0.000957
0.000903
0.000455
0.000500
0.001405
0.001274
0.000701
0.000199
0.001866
0.000239
0.000356
0.000543
0.000869
0.000991
0.000119
0.000835
0.001417
0.000748
0.000877
0.002926
