0.006723
0.005699
0.000584
0.001090
0.001007
0.004366
0.006843
0.000504
0.002014
0.018593
0.004893
0.001300
0.003927
0.003108
0.001235
0.002225
0.001965
0.001166
0.003787
0.000225
0.000814
0.001654
0.001871
0.001816
0.001454
0.001402
0.003527
0.001595
0.003602
0.010580
0.000517
0.002974
0.001017
0.000953
0.000356
0.003516
0.001869
0.020138
0.009566
0.009906
0.003074
0.003355
0.001276
0.003097
0.006157
0.006499
0.022374
0.008945
0.001691
0.000669
0.002757
0.029089
0.001067
0.000918
0.015668
0.002652
0.001728
0.003388
0.000720
0.001443
0.001612
0.006530
0.011278
0.006492
0.000900
0.000722
0.009366
0.001377
0.002712
0.000779
0.000972
0.001377
0.006294
0.001130
0.000577
0.001075
0.005426
0.000258
0.000694
0.000344
0.001873
0.003990
0.001000
0.004590
0.000592
0.004377
0.000914
0.003462
0.011122
0.000945
0.003292
0.002533
0.001956
0.001148
0.006151
0.002745
0.001584
0.005856
0.002987
0.002735
