	14
 t=	1.0
C 0.743833425158094 -1.2071356013453385 -0.15285142453402353
C 1.4013162729832178 0.11361334854539643 0.1496308564780456
C 0.7114492961355345 1.248166599434169 0.17170256011365406
C -0.6947632856583895 1.1872811170071869 -0.12864523774523612
C -1.388181511566929 0.08412681861039649 -0.18702076355925826
C -0.7612412139585849 -1.2161326866071303 0.16362734753815655
H 1.1429368584145376 -2.037971752905432 0.4523668964860024
H 0.8410237876460865 -1.4402454511470046 -1.2680213076383695
H 2.4368377184339463 0.06537268141683976 0.24856629523119345
H 1.211508665346939 2.154794228106363 0.5322028486659475
H -1.1644235631945186 2.031712065892709 -0.5123608600541456
H -2.4259606302997474 0.1605959519178891 -0.5462654987943807
H -1.2559430877456168 -2.0728192385999096 -0.37763451246522944
H -0.9338380925359718 -1.360985590506615 1.2752796515580869
	14
 t=	21.0
C 0.7366011657846181 -1.2122430334075007 -0.14377906322274342
C 1.42803930046503 0.0992123397565862 0.1605987529425972
C 0.7082342113135889 1.247788533528231 0.1635797706880882
C -0.7091580988092437 1.2116941988831267 -0.12164711394095941
C -1.3882440824224198 0.07425478188427613 -0.1926363701487498
C -0.7738095681814374 -1.2367287338650672 0.16519480787955643
H 1.0894812147544928 -1.9616701412584017 0.3587864324162063
H 0.8298646828564016 -1.4352231398420212 -1.2906606073488869
H 2.480991956095689 0.1760433593494441 0.25008041894711047
H 1.2045717058053294 2.127917168028585 0.5121229775503802
H -1.1777807066215489 2.0962696325521377 -0.5313245968998516
H -2.3757519651101084 0.19692508330274058 -0.5867246449486693
H -1.2173619911260687 -2.018908617207646 -0.3555226344463649
H -0.8538741790513374 -1.372019351327884 1.2703520377398227
	14
 t=	41.0
C 0.7279915855401848 -1.2041803887986156 -0.14590031105317974
C 1.4531860858766905 0.07287631596819226 0.170444728186264
C 0.6937352140446618 1.2544592845878895 0.15502344537892165
C -0.7083446228483558 1.248995763253052 -0.11393482941775797
C -1.3936174202394762 0.05156427059499994 -0.1990826693188666
C -0.7869297942573021 -1.2473605551769558 0.16892319532036473
H 1.1409026957893358 -2.03573687902137 0.34947012979107617
H 0.8069987084781004 -1.4274600212614403 -1.2494852526652782
H 2.5550364748226544 0.2694390348553191 0.2674460848463104
H 1.1947060018799187 2.1316957648634607 0.47475951675247685
H -1.195297626853548 2.178009129115693 -0.5227947852384093
H -2.3460520499005515 0.20532623675136646 -0.6351286035230448
H -1.2190847104540636 -2.023867579386652 -0.3544397464724487
H -0.7708235917718345 -1.397301218693287 1.2477165923502964
	14
 t=	61.0
C 0.7249435686477678 -1.1923623201951907 -0.15276986787880922
C 1.4763756703557886 0.045320357636507984 0.17927437177982167
C 0.6735510206735456 1.2618282220371497 0.1463491680988804
C -0.699887806683703 1.2923596388806335 -0.10722462909927824
C -1.3993399022750375 0.02625116459475884 -0.20532167385854724
C -0.7990803912493295 -1.246789139724776 0.17393978297719156
H 1.2408688194305424 -2.164996610564363 0.3685338358988721
H 0.7746830577662341 -1.417973421324875 -1.1849169397155601
H 2.584235888457345 0.3153454436358657 0.2951152847723703
H 1.192037907956346 2.1748915331681022 0.42424089247029384
H -1.1951331671032304 2.2268629825060526 -0.47049476474427054
H -2.3529149977188246 0.17891624458502645 -0.6991779962792627
H -1.262918764100255 -2.096956887315351 -0.3771260911127983
H -0.7018474769219109 -1.4380683029166412 1.235972333392642
	14
 t=	81.0
C 0.7349865994604695 -1.1879427154394873 -0.15357036190591444
C 1.4942604761632545 0.025351730829166537 0.18689034381098368
C 0.656289158841657 1.2675771792768287 0.13901174109973669
C -0.6914951823354142 1.3322880052922121 -0.1018035607404996
C -1.404399119329606 0.00771892594174643 -0.2120467459940184
C -0.8129145585700689 -1.2432512512787788 0.17669602253205716
H 1.308243384879639 -2.217605794946517 0.34659045869367444
H 0.7387483274331569 -1.41929416492051 -1.175449419019295
H 2.5474487016289666 0.29651521766903693 0.3306214299450459
H 1.1866193447500937 2.2240553686195477 0.35524923992284413
H -1.1795067881398684 2.243029317665208 -0.3834115449487012
H -2.365033096934964 0.11510967972561835 -0.7631204902033943
H -1.3003614245524506 -2.155467176342833 -0.3734343276129022
H -0.6591143651411857 -1.4885188308170203 1.2440244426392564
	14
 t=	101.0
C 0.7600126295654317 -1.1934491812021408 -0.14753185522345552
C 1.5001665242706574 0.01624563134554801 0.19279861104253473
C 0.6485357204791407 1.2712911246036591 0.13343388173906723
C -0.6875381542273203 1.3598416174146761 -0.09664201434322467
C -1.4091473062941067 0.0009145925587308409 -0.2201565320058817
C -0.8290920231462746 -1.243191621165564 0.17805271219605606
H 1.316497100156344 -2.1650926946114017 0.2764119385307084
H 0.7005514874088627 -1.4318275817124626 -1.2340097254892004
H 2.496806444388026 0.22340720498253291 0.37988077609949755
H 1.1690895687625897 2.2450747431908127 0.2683279915905912
H -1.173767401295017 2.2688387756151194 -0.2854744737235146
H -2.350609977324565 0.02186218214047142 -0.8077603557763965
H -1.3054795546187792 -2.1501928238342933 -0.32335937173390283
H -0.6499851845752568 -1.532246300723592 1.2501697484818075
	14
 t=	121.0
C 0.7966740465585512 -1.2066575534176232 -0.14353072080233312
C 1.488835287218491 0.01665092336713615 0.19646996760678814
C 0.6511536797627278 1.2720181936243837 0.12808497582076417
C -0.6893266953983453 1.3722144609051072 -0.09086482463310376
C -1.4124700299709665 0.005290091788022838 -0.22882765963623447
C -0.8455525224335575 -1.2470472483727053 0.1815879260723214
H 1.280821587029869 -2.0475444407952157 0.1849153789311666
H 0.6624119006616741 -1.4366668348597453 -1.2877020282075078
H 2.5054274286065157 0.12244438621697938 0.4572104461473547
H 1.146588852545582 2.2362385606536854 0.1737160627952034
H -1.193233732376716 2.3254501759872914 -0.1894082273651079
H -2.3098398884026934 -0.08180964559056647 -0.8344875791723172
H -1.2914070291391173 -2.0987189445886885 -0.25122996661343533
H -0.6735890412376729 -1.549294110554649 1.235870349468905
	14
 t=	141.0
C 0.8341546828137405 -1.2141287268099274 -0.15236103599027218
C 1.4659495416402974 0.023910371089177814 0.19903975902072402
C 0.6603290518381482 1.2680793912847819 0.12083807658377048
C -0.6974461131109804 1.3744029253283567 -0.08416066023446728
C -1.4119298749947051 0.016392539650935702 -0.23569634120776128
C -0.8592750655931253 -1.2481765629951287 0.19073659251822864
H 1.2890504138287153 -2.022478051617653 0.1440074949558845
H 0.6328594650982305 -1.4237988178794188 -1.2861018283535404
H 2.5388225723479234 0.01018278669931719 0.5584720274923931
H 1.13867158032388 2.2234304454280793 0.08337033167866438
H -1.21720585699572 2.3690749264032798 -0.0942300765117459
H -2.264664447818402 -0.17324712777259146 -0.8653129470669114
H -1.303525471723704 -2.0782711673330794 -0.21257162855510867
H -0.7162196700453665 -1.5301802806501517 1.215108907408448
	14
 t=	161.0
C 0.866450525175894 -1.209994846069597 -0.17618922766837358
C 1.4413914203210225 0.035559702529564946 0.20282523260234409
C 0.6727557023137565 1.2587426646818367 0.1110227386108201
C -0.7118271692080824 1.3696156701545021 -0.07629961395810572
C -1.4063355054159736 0.030343438231766787 -0.2395530443690684
C -0.8707647266923458 -1.2417059043372456 0.20419645889681778
H 1.37928866716785 -2.1503868941936872 0.1803000251313638
H 0.6190075472312994 -1.3935444954306342 -1.2304626787840969
H 2.5085613655874606 -0.09057515072894601 0.6543309693337829
H 1.1584904149057986 2.223402376692184 0.008077679436040375
H -1.2228257087034005 2.357810865020217 -0.007067987492987048
H -2.2280865255970506 -0.2305174488203528 -0.913132990231102
H -1.3590035137238994 -2.1213859731310656 -0.23167456543539144
H -0.7563103816342905 -1.4830027197231717 1.2299432358392668
	14
 t=	181.0
C 0.8994138567432945 -1.208884196733342 -0.20348498960253616
C 1.4197807349920768 0.04907435276462509 0.2090234653283017
C 0.6869223267980304 1.246662272495641 0.09912914144210144
C -0.7301400692878798 1.3557827543983039 -0.06744050256954012
C -1.3972604095405514 0.04539036140230688 -0.24178632610046696
C -0.8840889839863956 -1.2325073016648815 0.21779454075820534
H 1.4560349210921422 -2.2495031867054847 0.22137850593479935
H 0.6175330806388493 -1.3567913323029532 -1.181666301134404
H 2.3935296821086554 -0.14991272157185107 0.7233020999005877
H 1.197891565098527 2.21938987006728 -0.040129172709453965
H -1.2133146342931695 2.301931619008883 0.05971712654076323
H -2.1928650761279482 -0.234324834734741 -0.9649809548657393
H -1.410437252960335 -2.1536580377557653 -0.2658030392446036
H -0.7844614036615307 -1.4196137558099082 1.2905124622653552
	14
 t=	201.0
C 0.9363005623845585 -1.2155118364981252 -0.22375867699087726
C 1.4016286297122078 0.05872462231153243 0.21631649686655946
C 0.6978403840877245 1.2368436819265147 0.08488942046442546
C -0.7449163381267473 1.3323273858121198 -0.05718220307947002
C -1.3871101166830417 0.057122076382776166 -0.2440594130654296
C -0.9026877877595043 -1.2245899231341888 0.23226778998707137
H 1.4722779079856203 -2.2286826131725963 0.2218788454925567
H 0.6151134688471277 -1.3344990934692298 -1.2189428761730725
H 2.247517228269126 -0.1526581566444599 0.7823894808482721
H 1.238278913632365 2.1910192339177885 -0.05522403833788432
H -1.214394152458111 2.252930102533566 0.10459329864811671
H -2.146950967932563 -0.17836660671680668 -1.010539984242279
H -1.4224058192404578 -2.1202519295131985 -0.2720954122441232
H -0.8020613375205239 -1.3457343116596172 1.3469707192394715
	14
 t=	221.0
C 0.9759387646156987 -1.2255887994756747 -0.23967151390420033
C 1.3846865724516455 0.05823402683804252 0.22019371918035593
C 0.6985844239983025 1.232401533784867 0.06801680468485174
C -0.7484862553502013 1.3040652467480924 -0.044303374379316064
C -1.3770437767534982 0.059375232912511414 -0.24671828552141942
C -0.9288228691603497 -1.2156847597876823 0.25031765138823
H 1.4335073464201964 -2.1004763920211977 0.17877293764290855
H 0.6229169525864137 -1.3305095097123947 -1.3057367361659349
H 2.158753958279582 -0.10850900306227358 0.8881454480080576
H 1.269109293094228 2.1454795760400582 -0.041297393491727515
H -1.2409990801822983 2.2419932390799575 0.13106265361769573
H -2.08994232404291 -0.07618724445589535 -1.0575963100362296
H -1.4028022433386387 -2.0356106919480883 -0.2423697026448196
H -0.8084327819158866 -1.270053101755769 1.355650607291876
	14
 t=	241.0
C 1.0090456374989747 -1.2279001090768182 -0.2618335904704496
C 1.3706896964726152 0.0478530129362469 0.2199392677883592
C 0.6886724556664534 1.2302633433898005 0.05088815233054279
C -0.7420528468899117 1.277465654140738 -0.028527143338155467
C -1.3663448140605965 0.05298375234343737 -0.2501962831694898
C -0.9584893600092464 -1.2005102794640858 0.2723661188163308
H 1.405045499680574 -1.9993206817654332 0.14913785825185527
H 0.6694747715865075 -1.3346391409012557 -1.3542832158302947
H 2.13520707059991 -0.025932237619302165 1.0369869806135803
H 1.2930891308467727 2.1129832140609035 -0.002294179599277632
H -1.2758067297313742 2.239062948409028 0.12654888280684146
H -2.043259484214305 0.04628400612850176 -1.1066812181650791
H -1.3970847096407373 -1.9801391119529381 -0.2086343817120385
H -0.8048321630607675 -1.2034486201531205 1.327748182088591
	14
 t=	261.0
C 1.028075346107266 -1.2152508640961437 -0.2959525286801679
C 1.363436595602749 0.03227779975973681 0.22194784148205055
C 0.6740683401133506 1.2291574913421388 0.03607627984895321
C -0.7302202275934732 1.2540276580622618 -0.011960338530254466
C -1.357799608725557 0.04529048567091503 -0.255614254260803
C -0.9855706972461056 -1.1765931160466316 0.2943640741746432
H 1.4609348663252173 -2.0660298897800597 0.1989646831697162
H 0.7546465504108013 -1.3375573634924645 -1.3398342348074417
H 2.109875411031656 0.08182030360405745 1.1448936793762365
H 1.309790537092637 2.109202761706742 0.06517676397567196
H -1.2951932629989635 2.2096134694426186 0.07965357234547905
H -2.0190215675213548 0.16398356463331565 -1.138743113704814
H -1.43331339932497 -2.0164395709194243 -0.1983213055323011
H -0.7924015225189212 -1.1558396622475289 1.320760760798024
	14
 t=	281.0
C 1.036653537887191 -1.204771747354797 -0.3282736343262092
C 1.365231478543516 0.023155929902468834 0.23038218825149354
C 0.6628411113460192 1.226397863406121 0.027147560254231772
C -0.7182466958214424 1.2345252902999602 0.0028200100546644296
C -1.3534315270868642 0.044999641821469274 -0.2658362266155565
C -1.0072965720985436 -1.1563549990900397 0.309784120079301
H 1.5264251132097142 -2.161699732940138 0.24935999108823562
H 0.8589834530682707 -1.3397404322248285 -1.3290180878469922
H 2.0545073206855484 0.18469952793905933 1.1525151185630385
H 1.3030066967553224 2.120552664526167 0.158882240372765
H -1.2939079027342932 2.153640357807497 -0.011423494552573249
H -2.021633081664114 0.2512486396692579 -1.1295213887384954
H -1.4810164411587075 -2.0816414432808372 -0.17066281441444733
H -0.7767678017725421 -1.1269054694254486 1.3652678705480046
	14
 t=	301.0
C 1.0434152085021948 -1.2048263917140345 -0.3447205234404463
C 1.3750202771776592 0.024827699732813898 0.2420280182332779
C 0.6590146228728302 1.2212299586507345 0.026815777211738463
C -0.708058388659894 1.2201026777633608 0.014657986871755149
C -1.3529873366833896 0.05228932137994126 -0.28085350044312996
C -1.0268597627623233 -1.1490308078822578 0.3192206131178663
H 1.5352562111993602 -2.1682193363578115 0.23211306805642115
H 0.9545104229174789 -1.3491635219163067 -1.3982593272695256
H 1.9866915048813412 0.25365197126362277 1.0784042446482358
H 1.257582855507633 2.1268148216331317 0.26094180919443216
H -1.283826536392429 2.1026244138835812 -0.13683904225246052
H -2.0521839520384124 0.28738621813380916 -1.0830863665077641
H -1.509493199916625 -2.10030915354252 -0.09182224217032633
H -0.7641059759341843 -1.1126300596848375 1.4105598027167094
	14
 t=	321.0
C 1.0478584493322587 -1.2154866038255874 -0.34827465433394234
C 1.38641743134746 0.037904470648721905 0.24776536329289128
C 0.6650190922436244 1.2127611462846366 0.03764361971319578
C -0.7026024992472827 1.2104150595637333 0.02108821237294636
C -1.3550671900416977 0.06587343279233593 -0.29782246631328174
C -1.0421176204613132 -1.1564092034670552 0.3265298664166599
H 1.481281606506758 -2.08350439363031 0.14950908821188708
H 1.0408661103387256 -1.3551559163123186 -1.4910378492401057
H 1.985744390472458 0.2871430456168918 1.0143209010716085
H 1.1797844292471356 2.1233704361475096 0.35760584147628455
H -1.2717300264813358 2.082732417232277 -0.2884400737622021
H -2.1219533194244615 0.2711213691929702 -1.0202779029658775
H -1.522775997305332 -2.0656259463161235 0.027036104946896386
H -0.7654141051028778 -1.106404098064366 1.406828364139647
	14
 t=	341.0
C 1.046740290095422 -1.2272847951073345 -0.35119750006505124
C 1.3942595619656368 0.05766193501972106 0.24204611729662007
C 0.6781109601501807 1.2024457272028215 0.059757087955854514
C -0.7036537735251761 1.2074960050828671 0.01832127409883227
C -1.3603499405774162 0.07981038518984523 -0.3129356542620212
C -1.0493801219875012 -1.1698282889426275 0.3329372709861555
H 1.4192016341075817 -2.01410973148826 0.0694493164019396
H 1.112200582147794 -1.34215773866095 -1.5142926746775527
H 2.10509258609199 0.29334016943947927 1.025147522745273
H 1.095429244406805 2.1211955799514204 0.4437206569416464
H -1.2404555855667792 2.0809783243313116 -0.440797756055287
H -2.228605735175387 0.21474752798823377 -0.957908380080628
H -1.5559233878439567 -2.042437744879399 0.14355017785583696
H -0.7751885431375971 -1.1012347176721817 1.3628779698954296
	14
 t=	361.0
C 1.0416310861380849 -1.2242438218759006 -0.36220307106289207
C 1.4050130797751472 0.07289947123941726 0.23279628466220947
C 0.6892237252238121 1.1978580946598505 0.08938746127255044
C -0.7061796667554057 1.214015438637918 0.0031293162242526694
C -1.373762216215958 0.08286333891872774 -0.3236263897138406
C -1.0529810593861262 -1.1757913342719568 0.3355475631133033
H 1.4314977496837875 -2.102152365139854 0.07858395557399067
H 1.1449506252445663 -1.3075223108804084 -1.4533331698171095
H 2.2588223716364126 0.24884245866146046 1.0403369838036267
H 1.0312431647339406 2.1305081430076958 0.5156263833535785
H -1.1768839705493745 2.0774324383137577 -0.5469731084370216
H -2.330977285391478 0.13352306245385767 -0.8965471980757755
H -1.6317570352726583 -2.083730342621941 0.224424367487582
H -0.7620197023656947 -1.0925701553534932 1.335102954025992
	14
 t=	381.0
C 1.0393684142424258 -1.2134376220979015 -0.3713119232461424
C 1.426677276907311 0.07753285403826868 0.22742135684039883
C 0.6925371863780523 1.2033680212193505 0.12498745144802298
C -0.7065564296833033 1.2284670189528326 -0.025456825680245505
C -1.397966108309784 0.07046982978217581 -0.3294669214586321
C -1.0589605020187551 -1.1755092316641131 0.3319798652922619
H 1.4722049062101028 -2.2294437226925075 0.12165169081108039
H 1.1317728061773287 -1.2616163492641135 -1.3865263342260625
H 2.3535332493859342 0.1548562589932145 0.9907818723049886
H 1.002203174375773 2.147904738929773 0.568569954095669
H -1.0921004388741482 2.07461819241667 -0.5895847453479426
H -2.391097290871758 0.04720382632574088 -0.83102603028047
H -1.7101480371619668 -2.1275799563572173 0.27144702980430063
H -0.7080820564364251 -1.0789183223850578 1.3528731042659834
	14
 t=	401.0
C 1.0419677508725753 -1.207053976728903 -0.3651631321406705
C 1.458206644437111 0.07229593752380273 0.22763531578016766
C 0.6900780876970769 1.217428213966748 0.16692083396206045
C -0.7055416612241372 1.2411165734591276 -0.0678176673401053
C -1.4304385825881565 0.04927092379716351 -0.32954819141598773
C -1.0666084719416893 -1.1740343143910112 0.32703865263450077
H 1.4889003495656885 -2.2550224510055235 0.12601973765593066
H 1.08585619654288 -1.218151477621716 -1.4188599018083194
H 2.370877005241648 0.04150867936214204 0.8695099645873952
H 1.0103228853197994 2.161077257627181 0.6058273431693576
H -1.019286904711329 2.1023160802180367 -0.5877662634325594
H -2.4130926977665497 -0.022685214188197713 -0.7650583622206395
H -1.73901782357143 -2.1108910948819752 0.28913170365184604
H -0.6377326838090797 -1.0679592469817807 1.3685136680478167
	14
 t=	421.0
C 1.0489940925533834 -1.2071074036264875 -0.3487835046418125
C 1.4911394562836666 0.059817966434525145 0.22959446786058393
C 0.6844359201802864 1.2347076289034113 0.21398802923966362
C -0.7020931463857615 1.2452247994006773 -0.1202259889349508
C -1.4648183169151534 0.025284078537342 -0.3228998185007302
C -1.073180742628474 -1.171163295545781 0.3263622039271971
H 1.4759886777245976 -2.1596602379639194 0.07735829923329382
H 1.0091031300432272 -1.1834136152021602 -1.4994593490053032
H 2.367068040821832 -0.06057447069005833 0.7325172385057743
H 1.0488162492254138 2.1678327063776917 0.627994975624326
H -0.9857183049142332 2.1827828792243418 -0.5673146865428411
H -2.4360132920903186 -0.06454691104807947 -0.7229440196647713
H -1.7135851123057868 -2.038654255045427 0.2797744544274088
H -0.5808919028010923 -1.0676008035280875 1.3335234697129041
	14
 t=	441.0
C 1.0575631917874413 -1.2059821181738166 -0.336615334436359
C 1.5133444039563853 0.043426020448194484 0.22722050239152733
C 0.67719207731729 1.2490751980266626 0.2630528682729265
C -0.6950459304984543 1.2427111981352938 -0.17829935401664396
C -1.4956204082938593 0.002538469335522851 -0.30981266536426416
C -1.0761033825026278 -1.1621643175248029 0.3308109438196204
H 1.4670425866672103 -2.029845301184199 0.009178363224779563
H 0.9051723748297082 -1.1620199772486575 -1.5119333296609636
H 2.446612486365169 -0.13815002243135313 0.6604805613723407
H 1.1048853051404548 2.173906649674472 0.6349225668696831
H -0.9897531032538466 2.274180763613753 -0.5272397595276017
H -2.4862684046644286 -0.07709311680697385 -0.7230482688914076
H -1.6819828985610987 -1.9822925631983133 0.24692176781648628
H -0.5434663643917816 -1.0782080124130238 1.2540166671552935
	14
 t=	461.0
C 1.058277265961773 -1.1913815435332775 -0.3384694685236652
C 1.5241048265705492 0.028902616358209704 0.22282744971059407
C 0.672236479306678 1.2547395169911801 0.311128355165569
C -0.6873456939058448 1.236734744333774 -0.23867856891550748
C -1.522296874203947 -0.011607213905027891 -0.29388232070379927
C -1.0725152182032842 -1.1462853505542292 0.3365495389151162
H 1.5370533921086327 -2.036724105775646 -0.011956687787040775
H 0.794920673920608 -1.1547991039195307 -1.4258461249803105
H 2.5795299350317733 -0.17237111434724323 0.6393973057880367
H 1.161016145379025 2.1784340037916308 0.6311847114872035
H -1.0161881953652132 2.309547336972953 -0.46651758075986105
H -2.536264971931428 -0.06173754441747232 -0.7492220392797043
H -1.6863190865874833 -2.008206047193857 0.1948792742827501
H -0.5059022682655565 -1.0915052378928543 1.1942539206134442
	14
 t=	481.0
C 1.051319713708142 -1.1689256533949333 -0.34843190100703597
C 1.532296069955854 0.02345547450189883 0.222995159506435
C 0.6733949197822149 1.2460949182235297 0.3542179388666656
C -0.6828966154332097 1.228743469402437 -0.2977695112961703
C -1.5438028216309732 -0.009607293865494448 -0.27821315355472037
C -1.0661152737412882 -1.1354146866061445 0.3384638452048939
H 1.6377838465477526 -2.1335886291715833 -0.005267129598520793
H 0.6823184630965344 -1.1608626342980397 -1.3062467801455886
H 2.6490027156462777 -0.14923158050397814 0.6155468689412685
H 1.1997379922113074 2.1727929034829705 0.6266530168852799
H -1.0546591400811152 2.265327771729171 -0.40337777364256844
H -2.546941199547793 -0.024670558960532288 -0.7749258260015114
H -1.6935838811996 -2.0654783733935815 0.14616618804125908
H -0.447405700167178 -1.099338302806244 1.2054103297634051
	14
 t=	501.0
C 1.0486079665027803 -1.153152868119636 -0.3527925846777041
C 1.5411898505717918 0.02693935337847447 0.22849029742753346
C 0.6787504170529745 1.2247728458458682 0.38879535989288727
C -0.6783845401917639 1.2160430723990248 -0.34861675405905884
C -1.5599848539114831 0.00835599077606235 -0.26523445471823487
C -1.060996143302503 -1.1340593765270066 0.33924359946414523
H 1.6834960993869827 -2.16602280024189 -0.032917458600896246
H 0.5381180287964833 -1.1752964781841562 -1.261656761058229
H 2.6121239126133062 -0.07378307793005245 0.5791105589898601
H 1.2110813895727965 2.153261806162518 0.6218833655680099
H -1.1087909477488311 2.1835392589109603 -0.36006947715263826
H -2.511676913098476 0.020488933010767145 -0.7897031607754309
H -1.6557108325560972 -2.0859946575747985 0.11903756765922087
H -0.4017634711822226 -1.1054516721567837 1.2446689432439253
	14
 t=	521.0
C 1.055882490807555 -1.1471468216099558 -0.3515946579208674
C 1.5457352620998734 0.034180254166712 0.23440792110183734
C 0.6834153985188228 1.1958915154341598 0.4128266593219287
C -0.6693921325479271 1.1944200483691974 -0.38340887392188444
C -1.5684726585300715 0.03784254860245663 -0.25534698577272336
C -1.0571442697937066 -1.1378468677225408 0.34340123221752433
H 1.6615522342893554 -2.0939891875108785 -0.11253807699540173
H 0.3734660385515873 -1.1941431701373064 -1.2628329031612089
H 2.5215784482794135 0.03315571581700504 0.5534445315544562
H 1.1975597950014158 2.128442371283142 0.6132711447062864
H -1.1848308180276206 2.1296661712786418 -0.3563101315493095
H -2.4667625896939396 0.06024013692746438 -0.8071230358968698
H -1.5700660157172572 -2.0636253638109836 0.11430161220148596
H -0.41377473084244837 -1.111382182580146 1.2543114236422177
	14
 t=	541.0
C 1.0605313811105503 -1.1482236333591491 -0.3542569667217165
C 1.5362704078557836 0.04951727522368989 0.23898425622326805
C 0.6878685088975144 1.158607636590236 0.42427899202318525
C -0.6601487124424186 1.1650583187652153 -0.4026034814881754
C -1.5630730182928283 0.0763727130588501 -0.24672303249071148
C -1.0507613481854978 -1.1426985047405274 0.35080056345244787
H 1.6017734176284286 -1.9793103793227707 -0.21667837647146895
H 0.2753736424225324 -1.2022572911163392 -1.225653872660721
H 2.5049049049472822 0.14792946881510652 0.5694308315531473
H 1.1674088408948167 2.1084214081278057 0.6176886290526699
H -1.2604481361232187 2.106733142384854 -0.39385637718307137
H -2.4582519868427393 0.09428501266156282 -0.8365189006450003
H -1.4780749158831399 -2.052940302868333 0.11701673743774252
H -0.4799957330593852 -1.111757052607319 1.243705347625021
	14
 t=	561.0
C 1.0607325923136823 -1.138671892254366 -0.36447016606483684
C 1.5160735852358211 0.062010643442554546 0.23952243767563816
C 0.6840404815330078 1.1215246136512491 0.4213201722239634
C -0.6488752193351717 1.1386239434664862 -0.4045301073711
C -1.5478585389234043 0.10838879500124114 -0.2375740074564651
C -1.0515124705966954 -1.1368479906610278 0.35756749100940566
H 1.6151758699429495 -1.9774767768461399 -0.31314802658344776
H 0.26463783479101816 -1.1963416374027454 -1.1158408638366977
H 2.5625521581095136 0.24716782712917795 0.6269379757417153
H 1.127103764281343 2.0945324314283402 0.6347904495744796
H -1.290879389949121 2.0793807498026604 -0.46381351885896044
H -2.4656568621797343 0.11846674858874885 -0.870974764988223
H -1.4236518780950025 -2.1066836062400127 0.10801599073414901
H -0.5393717417330723 -1.1050093631700861 1.2530272015286745
	14
 t=	581.0
C 1.0613602754464788 -1.1194861599059283 -0.37676819255869076
C 1.4997763138543125 0.06793859316285639 0.2395014670958994
C 0.6674367418954058 1.0930404697080125 0.40513100816881226
C -0.6352806480779507 1.1208504949461284 -0.38994101240474227
C -1.5306973005368025 0.12679843345193648 -0.2306923669800216
C -1.0613401362142632 -1.1240046605445704 0.3605838071604983
H 1.7021481557174465 -2.077035428579446 -0.3964544512497044
H 0.28903801456127254 -1.173297799083714 -1.0029785521623025
H 2.577863190013373 0.30291645934184913 0.6747001088249782
H 1.0771654989579458 2.074036322922837 0.6615486353111765
H -1.2501861216779486 2.0356355482427366 -0.5592228426141176
H -2.448030664680181 0.1344111356835134 -0.8805309577936252
H -1.396929309820985 -2.1747668914979346 0.09229290455886868
H -0.566073848359162 -1.0882297966038892 1.3175182604095297
	14
 t=	601.0
C 1.0792513242461834 -1.1039868363250518 -0.3838354996337062
C 1.4957019469779416 0.06560967863196816 0.2413682129633198
C 0.6377119280605146 1.078016845913197 0.37800397392393975
C -0.6188800637882822 1.1129066547080348 -0.3627495671376112
C -1.5151412981227887 0.12801861502100134 -0.22710693240406882
C -1.0802249904469947 -1.1110476825447932 0.3646655258808544
H 1.7608824620084842 -2.118321647853415 -0.4667220800125853
H 0.2442794611508807 -1.1401783407094725 -0.983055610425136
H 2.506043525331558 0.29962826609614795 0.6873672373894772
H 1.0200630749397783 2.041018724550074 0.6980970366740605
H -1.1458039948902958 1.9993558831213962 -0.6677699990846259
H -2.3999114594246156 0.14664382142182394 -0.8584177047830746
H -1.3794589305219533 -2.1800476588192192 0.0856682344257917
H -0.5873267019299722 -1.0665826518922645 1.3815697708977637
	14
 t=	621.0
C 1.1143194828304182 -1.0977549429634803 -0.3895024271425736
C 1.4999373789872656 0.054309171366599844 0.24393452209766103
C 0.5976980102589657 1.0772784845134846 0.34391432326086024
C -0.6000770901571487 1.1126786720610482 -0.325447895048885
C -1.5021171912645654 0.1126485873034285 -0.2257411041313619
C -1.1042923656927008 -1.0998264982478365 0.3753020689738002
H 1.7559263641511573 -2.047070746812663 -0.5180338354797969
H 0.17326423846313366 -1.1039972304753058 -1.025300088540677
H 2.3996864078963416 0.24842144115534437 0.6824436131496217
H 0.9644436884487563 2.008276404193168 0.7367882064942403
H -1.0052609656640608 2.0003436174585905 -0.7868388441878055
H -2.355191033867056 0.1534840944984473 -0.8345014834830539
H -1.3721715676126491 -2.1117125627935542 0.09024832797613311
H -0.6258654310885541 -1.044971843988417 1.3876943535944386
	14
 t=	641.0
C 1.1562374243161038 -1.0955162400795506 -0.40164760518854437
C 1.5003922924708122 0.03166892845476417 0.24291672325834232
C 0.5572977880209025 1.0869210583001672 0.30829151494457246
C -0.5852693938957653 1.1206714017384882 -0.28510673914391266
C -1.4892630316035167 0.08337301541321955 -0.22467774166200605
C -1.1360093293237872 -1.0849958465755685 0.3944161503698064
H 1.7258446421682208 -1.9134476441691934 -0.5527766064455489
H 0.1904279187908201 -1.0745016109551804 -1.0372419063631226
H 2.3846774365789676 0.18243294245300745 0.7209394581430668
H 0.921019288559247 1.9934932835832482 0.7683722688961789
H -0.8522469278049243 2.0278513656079484 -0.8898631035400679
H -2.3505963388731854 0.15293119057483517 -0.8471191743182883
H -1.3966370448582077 -2.0341676886842213 0.09138420434954284
H -0.6628616012339604 -1.0268883715390484 1.3391044968527785
	14
 t=	661.0
C 1.1953056551321375 -1.0844178380590501 -0.4208515653211072
C 1.4945644384987373 -0.00021477963616891424 0.23955134407885675
C 0.5317339147629754 1.1029489311160159 0.2797367183300838
C -0.58584388149135 1.1388068157267663 -0.2512725836372621
C -1.4792722776877707 0.04586799266126371 -0.22653609473673542
C -1.1770327369823321 -1.06303610415082 0.418795461332032
H 1.78067262587955 -1.870598279349445 -0.5926388926935143
H 0.30798740529662577 -1.0608702120325575 -1.0023274921432253
H 2.4602674816423513 0.11534738134094877 0.8080079829751898
H 0.8973721089351123 2.0017189390544723 0.7731045689863711
H -0.7133537421099447 2.0434677753517088 -0.9364699792231301
H -2.3622099807918335 0.13637570290421613 -0.8941579720144908
H -1.473846921884871 -2.0197155132631304 0.07495218300941849
H -0.6523236018731458 -1.0122166623716622 1.3000448866128866
	14
 t=	681.0
C 1.2341605703531382 -1.0686511267424021 -0.4448694747297817
C 1.4919688211148325 -0.030624891714173395 0.2438242867327682
C 0.5364365649949012 1.120497839210141 0.2661091017287131
C -0.6119470261575274 1.1647463164614713 -0.23140575830946436
C -1.4756743123566536 0.011936234656643481 -0.2376794527702062
C -1.226224080841736 -1.0435043184115882 0.4456173511674463
H 1.9319721406273598 -1.935810432915032 -0.6386880641592333
H 0.41913966416427423 -1.0644376019484578 -0.9859511224087917
H 2.498088798865008 0.04353420274035303 0.8736225764840393
H 0.8989201372149478 2.0273327817201143 0.7395140231076355
H -0.6236835866014949 2.0348633747046767 -0.9150317934943833
H -2.344042382755708 0.09577259796881518 -0.9425183829792682
H -1.5896202644404662 -2.0349654704078532 0.06435505887026895
H -0.5802578141746385 -1.004774885500048 1.3093421452020253
	14
 t=	701.0
C 1.2877201797387083 -1.0653445525822585 -0.4734752728453068
C 1.4977301695257588 -0.051192711877735386 0.26228355052136243
C 0.5686605463563971 1.1361577178856896 0.2664717355820253
C -0.657540367423237 1.1925066028286593 -0.2222233621272497
C -1.4796980952946275 -0.00899211205719055 -0.26165583559862243
C -1.2787126163047038 -1.037246675976652 0.47877855690106547
H 2.0637247950682873 -1.9652461570129665 -0.6614004737782633
H 0.41114882561579513 -1.0884433188004008 -1.0618809874648916
H 2.4460455883381536 -0.02617888569503883 0.8850077274967927
H 0.9325164193489306 2.0678060371657763 0.6701262335220002
H -0.6137150110735579 2.0338609378799495 -0.8564771750386823
H -2.2880607253597187 0.029150805699664672 -0.9807554992284104
H -1.711663345956077 -2.0142682557730516 0.09596821329984341
H -0.5037351641989315 -1.0119548010589157 1.311856298345957
	14
 t=	721.0
C 1.3499588125457012 -1.0787906562530398 -0.5124660079243161
C 1.5086188829194203 -0.06017951116336528 0.2923783881057242
C 0.6126896529804805 1.1482486818657494 0.2738045621020773
C -0.7063886400535043 1.2149305038592169 -0.21468276019204605
C -1.4876578707051136 -0.015777889426532226 -0.2945070925643295
C -1.3298190342431675 -1.0441890603993174 0.5197810265271486
H 2.123216717587688 -1.9066523442708536 -0.6523213215040072
H 0.3866015927262889 -1.1305603921864693 -1.169574218645455
H 2.349772743537712 -0.0820659555005873 0.8718879237511864
H 1.0013384592587093 2.1180843681940487 0.5775264629856768
H -0.6919943952143449 2.087954362849727 -0.8081722411438947
H -2.2326314463486785 -0.055358417405214404 -1.031371478378141
H -1.8242816125871564 -1.9504253903485562 0.18032533044246904
H -0.4858034303780851 -1.0366488508241625 1.2659153511592567
	14
 t=	741.0
C 1.4091117239758184 -1.099036539645912 -0.5610266537440702
C 1.5137678621890385 -0.06360086101592996 0.3210429680232381
C 0.6541528480637641 1.1581421591577483 0.28191957959641256
C -0.7447412908711116 1.2303007364264622 -0.20455321432604565
C -1.4955508972787555 -0.014013402021886598 -0.3276490601720101
C -1.3780418211696184 -1.0541136638082762 0.5628684100732229
H 2.1409071261052803 -1.8054542924487311 -0.6241174750062244
H 0.45693757389944 -1.1797052512294963 -1.2374076756740813
H 2.330834961943173 -0.11811809740465724 0.9192003099376699
H 1.0952176778824247 2.1573742212346008 0.4713653047082949
H -0.8465866269344966 2.1834189003036952 -0.771483866849068
H -2.214090024039708 -0.14472488043346676 -1.117739049571713
H -1.9391316694694782 -1.894314936640789 0.2994923911509541
H -0.5323773262382774 -1.0759961537238323 1.196151664818874
	14
 t=	761.0
C 1.4566046791525542 -1.1088203575218851 -0.6096060080440774
C 1.5117008933283134 -0.06952111831865233 0.33932756688434446
C 0.6847376300597826 1.1692091504270723 0.28714353990186653
C -0.7660451100546695 1.2423039752556329 -0.19380145631303203
C -1.504456471780916 -0.011106837867609083 -0.35627893485676565
C -1.4262262670950066 -1.0568865123717601 0.5982875367432776
H 2.2221052751233112 -1.7766624202461911 -0.5953111538361263
H 0.6222002782201441 -1.2272925343165673 -1.2628432081478531
H 2.3978892798206073 -0.1351614380080986 1.0346437430608306
H 1.1937468417646024 2.159616083578922 0.36150178954354534
H -1.045185581398454 2.247177933241217 -0.7062323031487295
H -2.212664887475069 -0.21790151937624525 -1.209156429008481
H -2.0771949111337435 -1.8912672144642084 0.43112675456590394
H -0.5808097802971549 -1.125329053368401 1.171388271409261
	14
 t=	781.0
C 1.500521530595936 -1.102662857634579 -0.6460915385538455
C 1.512165526041238 -0.08255255424587335 0.3491090320428248
C 0.700896033420161 1.1823474302163883 0.28699047636811886
C -0.7708462052992804 1.2538843468198726 -0.183934829596383
C -1.5159869319131405 -0.012844269119975108 -0.37853044682585896
C -1.479102906193184 -1.0516914673113607 0.6195356641230294
H 2.3693396291575675 -1.826447578023296 -0.5682767372227008
H 0.78224663710448 -1.2744451421706025 -1.316318691751508
H 2.4297650836701656 -0.13217831973881877 1.1249737527188566
H 1.2799940864063533 2.1199487886215103 0.258636008331554
H -1.2381068084344649 2.230924323211657 -0.594037491315201
H -2.194425648414664 -0.2528724779221943 -1.2583719201676047
H -2.215508778403322 -1.907668490370161 0.5684904470948248
H -0.590005641343471 -1.1777244479874232 1.2242722220424462
	14
 t=	801.0
C 1.557181928227793 -1.0877192830016682 -0.6618941191257157
C 1.5184525334432997 -0.10249200866447851 0.35139181023529914
C 0.7014721055311545 1.1958236123184363 0.280454411883805
C -0.7610484852168887 1.2626541403476863 -0.17486015250784778
C -1.5294835494403705 -0.02221881670930774 -0.39119085791324015
C -1.534042879089674 -1.0420087256919954 0.6288054156490493
H 2.4687905470203635 -1.8544973417157735 -0.5491559515937666
H 0.8567394365681491 -1.3259917478619272 -1.4590335228840365
H 2.37194211653225 -0.11600687496014132 1.1404121988658849
H 1.3479077522802085 2.060585961191786 0.1723363411313339
H -1.3868750508996361 2.1460912857416976 -0.44429810435386746
H -2.159387199429244 -0.23934612903200037 -1.2558662215471326
H -2.311695354325755 -1.8866952059823439 0.6987288079538161
H -0.6222838639435568 -1.2136668396264356 1.3073671887300187
	14
 t=	821.0
C 1.6232799777453362 -1.071910512816183 -0.664984271644862
C 1.5266323280872958 -0.12462533997701883 0.3448288210738836
C 0.6878147765937791 1.2055280331897422 0.26726359249740056
C -0.7382431467835235 1.2648425366609468 -0.16530755740370354
C -1.541698935870072 -0.04127083852155258 -0.38803492070990364
C -1.5872570094804683 -1.0286799763252594 0.629818546904641
H 2.478490137860903 -1.8206263500435182 -0.5426079761904472
H 0.9268261582419932 -1.350649016753863 -1.5973802838277475
H 2.2527666289856314 -0.10033715508531024 1.1005824927067096
H 1.3995937206041866 2.011164157468116 0.10517710007091349
H -1.482045040618114 2.0464131121923206 -0.27591150037273104
H -2.13804207507235 -0.1897953243213203 -1.2407940832346414
H -2.35588921136935 -1.8151410450183747 0.7992119377488852
H -0.7308412327967615 -1.2087095171226605 1.3708306821272513
	14
 t=	841.0
C 1.6894744824617591 -1.0574219660448285 -0.6648179352859445
C 1.5274199997610192 -0.14456358433385527 0.32335008769762974
C 0.6648668115087362 1.2082133298383648 0.24807889726567567
C -0.7068595143943498 1.2559551590225915 -0.15513696061180526
C -1.5485486313082943 -0.06571113477200136 -0.3674805118502786
C -1.6366712062128932 -1.0119099208509477 0.6266334735366114
H 2.440920409504345 -1.7536840403481366 -0.5422283905655978
H 1.0545119968810854 -1.3189351561186038 -1.6421020533695054
H 2.1717381863987195 -0.09215227325960183 1.097620966392534
H 1.4253502292007627 1.9845215064899662 0.06281356521902796
H -1.528754176403071 1.9809636212172277 -0.10679318053131441
H -2.158556229569768 -0.12043058713758722 -1.2529635592281527
H -2.385292785976318 -1.7228456681581539 0.8552605028989606
H -0.8971213618128376 -1.1550545689403227 1.40177920093559
	14
 t=	861.0
C 1.7473916992678042 -1.0408860787641139 -0.6675846449019038
C 1.5167965343816814 -0.1566019368917758 0.2877654511660801
C 0.6400867062680454 1.2022192288179923 0.2239245575196441
C -0.6744857995346709 1.2358708758589807 -0.144537598421566
C -1.5509496912596377 -0.0910888426582038 -0.3362182147961352
C -1.6828801530301445 -0.9901456496673701 0.619585699141234
H 2.4623810691632193 -1.7447903907847098 -0.5259714025218378
H 1.2283396183114548 -1.2291892089087477 -1.5931170736618054
H 2.169208258263249 -0.09502893805380855 1.1767353570878054
H 1.4116565583543546 1.9761118284923163 0.05189179321788892
H -1.5146663817753265 1.9541030339207062 0.0516081212933906
H -2.2000973694774277 -0.03922539257476888 -1.2625259591368676
H -2.457364708083112 -1.6616047911827516 0.8632806332346123
H -1.0514041579096882 -1.0580092603632507 1.4412071106242994
	14
 t=	881.0
C 1.7998538747238721 -1.0206760173012688 -0.6693412428278723
C 1.5040384668622937 -0.15898497644413043 0.2513517155610061
C 0.6189783839271041 1.186629856088217 0.19619919296733113
C -0.6495976730979105 1.2086862111024055 -0.13242104531468724
C -1.552619180816098 -0.11165185086587132 -0.3064650502206376
C -1.7289691161386131 -0.9667325049707521 0.6122332248256811
H 2.5596436676089147 -1.8138730564325363 -0.47801289961610066
H 1.3842196477434079 -1.1052171348675688 -1.560279757802789
H 2.1638712568057445 -0.10993243033904215 1.237250079039414
H 1.3644176314047345 1.980035125690353 0.06754081316713596
H -1.4283987997865943 1.9461366118642978 0.18521538090142145
H -2.2191335262208756 0.03858617838425821 -1.220114287134702
H -2.5775999025141574 -1.6374552875858848 0.8207543383729403
H -1.1480708655830785 -0.932809374506876 1.5243727949393027
	14
 t=	901.0
C 1.8597845266575779 -1.0071533220085767 -0.6642204474448047
C 1.492385117892752 -0.1465941956054488 0.2261399069504107
C 0.6128198556231089 1.159959118194258 0.16617203740944464
C -0.6413061832110324 1.1746158435758591 -0.11898004253842706
C -1.552751165754618 -0.11612274407982622 -0.288579299964697
C -1.778799232735476 -0.9514492425443319 0.6181689830135626
H 2.6367093881394554 -1.8615321345544988 -0.4244217326567795
H 1.4694196882449324 -0.9747884203133612 -1.661746250589931
H 2.1036560547914944 -0.14031420672841943 1.214954467915561
H 1.2910028329702792 2.0024646910102497 0.11533876497504227
H -1.290039469208078 1.952676757675588 0.28090899483409876
H -2.2079919045140652 0.09049251326020467 -1.1280017146095844
H -2.6866417537033134 -1.615686375218662 0.7276891108268062
H -1.2225019274228708 -0.8018966076467264 1.6050749322136804
	14
 t=	921.0
C 1.9260364931776843 -1.003875769962102 -0.6623639770187288
C 1.4822667810423313 -0.12022059229857716 0.21298880288499808
C 0.6264617758872225 1.1217745265529577 0.13475029245339268
C -0.6522104228280723 1.1338093362739823 -0.10436358597110688
C -1.548408255809499 -0.10062129318176556 -0.28176753707986507
C -1.8331958516145765 -0.9463696570507203 0.6440963238571834
H 2.644464057608199 -1.8374175495334284 -0.38877182331844556
H 1.5450672636367497 -0.8527748042368823 -1.7881777710750701
H 1.99808112601763 -0.17947585812303948 1.1349529425627347
H 1.2052058609201204 2.0454934460241363 0.19585925119474556
H -1.142986781287877 1.9853158224104226 0.33549162227002716
H -2.200745939910433 0.10991768011149536 -1.0509463466420816
H -2.745153455135626 -1.5757541332177754 0.6057424096443108
H -1.3153088907907087 -0.7014610075060763 1.6304083469682857
	14
 t=	941.0
C 1.9893502982809923 -1.0010502782050674 -0.6712731690999109
C 1.4741741516558104 -0.0888934679257525 0.19999460900993693
C 0.6552659439867394 1.0770875374746944 0.10177737636214208
C -0.6752420043517592 1.0885143733389346 -0.08718808098139912
C -1.539403671597128 -0.07102991373199444 -0.2768440645783004
C -1.889401039414619 -0.9438715419886543 0.6822599548391686
H 2.6121775690393574 -1.77095623205835 -0.3712365689293892
H 1.6622900396038225 -0.7680950510828016 -1.8183886822707596
H 1.901174094332271 -0.22356362545617559 1.1089954697377888
H 1.1093295502543532 2.084099145053792 0.3002573260088819
H -1.024646755140123 2.040664638197587 0.34920283376413697
H -2.2389381683238145 0.10421591913624333 -1.0557363525097487
H -2.7644500439746156 -1.5320267703969976 0.4858969098183334
H -1.432545821147796 -0.657828205498601 1.6114338686404213
	14
 t=	961.0
C 2.040447300175009 -0.984273623638011 -0.6908151520230926
C 1.4731011991087761 -0.06416363452620776 0.17938714553800178
C 0.6869477134183415 1.0368103087664597 0.06752495168418504
C -0.6975054054146097 1.0456016706952473 -0.06629534947579893
C -1.535766445167808 -0.03898264689779601 -0.2681473924834758
C -1.9440220081462414 -0.9342422216945586 0.7160879403981721
H 2.618144353612952 -1.755063828790575 -0.3433413631030809
H 1.8242047123316858 -0.7381585236588903 -1.7433482210399782
H 1.837415523375868 -0.27404295737328166 1.1988751688455939
H 1.0087610808654308 2.0729772200459555 0.4123640038206041
H -0.9486268738209852 2.0811257101555745 0.3164295044822834
H -2.2875593140200037 0.07201030114642869 -1.1144860333811761
H -2.780006796280702 -1.5144621215008338 0.3898999075917659
H -1.5486582196670562 -0.6677943458524979 1.6248221803394998
	14
 t=	981.0
C 2.080052848932774 -0.9515141583119435 -0.710270288150578
C 1.489111836762341 -0.058252912049671014 0.15932774444572936
C 0.707493190062482 1.0110535490081554 0.032818305610848676
C -0.7065823551379536 1.0150682352446085 -0.04096927720810298
C -1.5500444220671659 -0.016768010728818564 -0.25617117225297653
C -1.996103659644626 -0.9134199634837371 0.7333138100366671
H 2.6703548420529315 -1.80235155885711 -0.2999827467044781
H 2.0043426091428924 -0.7448635719886461 -1.6697928947333625
H 1.7665330471156566 -0.3143237634621079 1.295625225768186
H 0.9263074689200205 1.9936777853783907 0.5116293267401648
H -0.9248386987962222 2.0708694472163125 0.23687981016955045
H -2.2827198075092126 0.01627432017827026 -1.1590895225561781
H -2.8025485756509894 -1.5294816869601082 0.33186391389561454
H -1.6423898809047983 -0.7158440338177623 1.7285634623047559
	14
 t=	1001.0
C 2.1167144563263647 -0.9144992525901645 -0.711864683366933
C 1.5251050180343801 -0.07686577994625013 0.14667780886311343
C 0.709002563701814 1.002565906082992 -0.0009912083612032625
C -0.6961264826089698 0.9998603956768171 -0.013069414938582442
C -1.586077542882173 -0.010301766662037486 -0.24173872979971778
C -2.045151467917657 -0.8823649087960703 0.7369931089930559
H 2.703582171700847 -1.821918066057781 -0.27999678559821267
H 2.178504173110026 -0.74542558391154 -1.753336393136285
H 1.6746200466484957 -0.33095368225559774 1.3057446760882196
H 0.8879187688373564 1.8775686251179102 0.5917252093909607
H -0.9610165868766538 2.0236948226575584 0.1269890226582714
H -2.2103506760715175 -0.05033529321114747 -1.1636394262262884
H -2.816092958434471 -1.5611025347481962 0.3233802936015473
H -1.7366361456622001 -0.80130288433808 1.849146592726231
	14
 t=	1021.0
C 2.1569948327210637 -0.8810367227138652 -0.7051499351628757
C 1.5722055513884936 -0.11201157642943527 0.14324596512954027
C 0.6950536282782037 1.0042885907330892 -0.03328942618382405
C -0.6702292991687681 0.9938950619793488 0.014003299892680891
C -1.63697423634608 -0.017399883852291076 -0.22277173169050526
C -2.0920312053250707 -0.8459336341913792 0.7364274199457747
H 2.694410232563133 -1.7737268060159015 -0.29856941897162936
H 2.3387863682570886 -0.742027924423584 -1.8835768341303853
H 1.5783781183638819 -0.3352803666617688 1.2204716232241017
H 0.9069051314607807 1.7876838681388392 0.6624737811433651
H -1.0512915797853124 1.9915493410790248 0.012911946871824186
H -2.1043703755976058 -0.11825920285045018 -1.158566552862198
H -2.8122540677967516 -1.5911412660432704 0.3625322317747354
H -1.8485230871882943 -0.9072782553731594 1.886365367229657
	14
 t=	1041.0
C 2.2062540384159175 -0.8543650879049256 -0.7089180207723129
C 1.616578936956457 -0.1481719182301969 0.14467353843837247
C 0.677494655544212 1.0088069420672119 -0.06196201454577502
C -0.6424015212383998 0.9917249571486453 0.0372845051433646
C -1.6898636824869313 -0.030145680040118424 -0.19722005822865152
C -2.1398866685794156 -0.8118285291610366 0.7387808904199494
H 2.6728806114991968 -1.6978485810246142 -0.33633803026650694
H 2.459011363145933 -0.7395977145208954 -1.9048941714915135
H 1.5009433381929747 -0.36051985474510984 1.1255424938684502
H 0.9734257329497601 1.751889519144239 0.7185396758700179
H -1.164739368259543 1.9842813514631354 -0.08586933683860332
H -2.0103664844890994 -0.18797709581214553 -1.2003241034086127
H -2.801433888806608 -1.6124750212807348 0.4270122512228978
H -1.9652643143732869 -0.9955346054739097 1.8201739530425454
	14
 t=	1061.0
C 2.2656672651190237 -0.833352243772181 -0.7317339811361436
C 1.6476456548414948 -0.1728743050966497 0.14346135268903856
C 0.6708649449988623 1.0149553722489983 -0.08226729088513464
C -0.6295791505857324 0.992420146891876 0.05514650944013106
C -1.7348574066591584 -0.04044096364245377 -0.17240600006744083
C -2.192912598931723 -0.7873498092991055 0.7462351269877602
H 2.69885081799772 -1.686469794402921 -0.3535923929988094
H 2.524165582758412 -0.7265732869017179 -1.7992434750263508
H 1.4457377026788272 -0.4436433894325666 1.1373745125419064
H 1.0596649963990086 1.7509536358042757 0.7161526801719325
H -1.2497360343344055 1.9622828812480395 -0.15012262750578428
H -1.935221259750446 -0.2561187952856318 -1.2649679814936046
H -2.805955721782532 -1.6303703566505596 0.4806073302762123
H -2.0570100026902836 -1.0342776974658754 1.7286122703178803
	14
 t=	1081.0
C 2.3336232877589773 -0.8193875140638595 -0.7636769315782423
C 1.6605970957512621 -0.18407272735610708 0.14340003951140265
C 0.6835735948861998 1.0211823148841295 -0.09248163215228218
C -0.641091045434086 0.9966553944992478 0.06692692855258736
C -1.7672108483296443 -0.046289648463924804 -0.15770504488555245
C -2.2539928912051748 -0.7751963972016427 0.7536562293630074
H 2.7756321023222523 -1.7500327598514065 -0.34735535184653565
H 2.557978527996366 -0.6798983436381987 -1.6862997897410892
H 1.4236544940639582 -0.5689103031178637 1.2005781499599835
H 1.1411788722323166 1.766179595757311 0.6327374516449681
H -1.2698939461175116 1.912508915086052 -0.16636618902242467
H -1.872831764951 -0.30739031459400573 -1.2762771299836746
H -2.8440492631489316 -1.6481635227276579 0.4946736270644332
H -2.0962743437785014 -1.0210888314976398 1.7421482614235402
	14
 t=	1101.0
C 2.4035377325723704 -0.8165074723836268 -0.7771454420435053
C 1.6596094453738455 -0.191199301143311 0.14598739909777397
C 0.7110704200299224 1.025170069283276 -0.09273035250575272
C -0.6710362202553143 1.001744325451798 0.073351078718545
C -1.7843707078702309 -0.04725758398572677 -0.15612825660849175
C -2.3231827301642114 -0.7771621039565757 0.7633261398433494
H 2.8599087794911853 -1.796762666520268 -0.3597865377691042
H 2.613880991790357 -0.5711572139850085 -1.7686601001527145
H 1.4466058335847856 -0.6860543508054048 1.2010803510043273
H 1.2071730299907444 1.8053373997019466 0.4807252263081372
H -1.239379782278287 1.8688779735805778 -0.141464578658707
H -1.8332495897736674 -0.33438699985326653 -1.215242505014193
H -2.9098577640755456 -1.6556020146911696 0.46948622935232653
H -2.093083207946121 -0.9496291230257466 1.8498186442513374
	14
 t=	1121.0
C 2.473058184104897 -0.8205229304126408 -0.7760133086715486
C 1.6509645827129502 -0.2007948385935606 0.14815167763093498
C 0.7417180951924 1.0228861106013116 -0.08555321118895234
C -0.7039578037418739 1.002251813895525 0.07621493488605859
C -1.789428147424813 -0.04714315710307531 -0.1579503417372418
C -2.394508454814047 -0.7892658045844037 0.7791984870588037
H 2.9284824000119976 -1.778333403710706 -0.4162289373487272
H 2.6749885812049654 -0.4344873388692524 -1.9154491137777332
H 1.5072811413552591 -0.7619980867256064 1.1130071047844265
H 1.2663676437893834 1.8874911864246675 0.29670918551703557
H -1.206662214609854 1.901883632581542 -0.09754744230487254
H -1.8273730729061697 -0.3470735378481831 -1.1443775924478123
H -2.986832667461577 -1.6420191763840288 0.42942926616271526
H -2.092532442622166 -0.8188701269313053 1.9243139489905225
	14
 t=	1141.0
C 2.5386560606042896 -0.8195900796359484 -0.7745085246969944
C 1.6415737977909883 -0.21466306456425113 0.1431422880875627
C 0.7676451349599036 1.0136109297407396 -0.07239667822688775
C -0.7313075010500851 0.9977097597909047 0.07658869937375339
C -1.7852022529298124 -0.047690995072700186 -0.15147464475766834
C -2.4613093599246967 -0.8034751267133164 0.7999639997243708
H 2.9951484982875316 -1.7226146703924732 -0.5032045480750503
H 2.715027450955057 -0.3357043819833023 -1.9411513655590815
H 1.5785131501801846 -0.8086090645461999 0.9927803054467959
H 1.3106570775128736 1.9970613939554385 0.08931365817010323
H -1.1813711810466354 2.0142781798170684 -0.04160633935984012
H -1.8604316233237508 -0.3706615142866578 -1.1512395274206413
H -3.0694639867466393 -1.6112070751079766 0.401456094405925
H -2.1315989571141465 -0.661699999649306 1.899777533415502
	14
 t=	1161.0
C 2.593644217899545 -0.8023216851020639 -0.7775718992484658
C 1.6385620448240814 -0.2309593116810009 0.12253062150145834
C 0.785310838442816 1.0016884360957665 -0.05441087622038355
C -0.7492615614299766 0.9968935947365939 0.07450785343597957
C -1.7790542879535538 -0.05467461267856308 -0.13484698057988606
C -2.517547398280372 -0.810252969869753 0.8178742705121756
H 3.0927119895482793 -1.7031775763162282 -0.586011532987853
H 2.7381884767072022 -0.2999037257356339 -1.8173930114229535
H 1.6286244778337156 -0.8730200345162021 0.9415050628378949
H 1.313120641801125 2.061861771694891 -0.13313942154803501
H -1.1356871758617046 2.1078162231099253 0.024052547336979233
H -1.9174148656863221 -0.39500721951983336 -1.2077848864310843
H -3.160306498438441 -1.5748227312324952 0.4013705749308307
H -2.2217834203272577 -0.5189466522940155 1.8048062778643124
	14
 t=	1181.0
C 2.6358919001875316 -0.7695991513634003 -0.7808465728114588
C 1.6452649626669915 -0.2504056230107889 0.08791266041617304
C 0.7927234645079657 0.9903271808712792 -0.03472905294905732
C -0.7545414124005502 1.004835700987834 0.07126062816118116
C -1.7775760071688096 -0.07281261278457712 -0.11474260137321683
C -2.5613582036163156 -0.805030825511387 0.8225842063147393
H 3.212066134158238 -1.7196625013646079 -0.6501430898335725
H 2.763098196126603 -0.2966485100695337 -1.62998643068639
H 1.638275420995591 -0.9508517534102282 0.9638266450464331
H 1.2634865045852137 2.0272390123425965 -0.34751318573040946
H -1.067871351908205 2.114749208305717 0.0935625402909637
H -1.9704787467144467 -0.3931313353048455 -1.2223449072793207
H -3.2575823016596255 -1.5387712921260557 0.4349313595208782
H -2.347735109002113 -0.4017023764992615 1.745110048148606
	14
 t=	1201.0
C 2.6671831046913526 -0.7373714317164981 -0.7684253309993158
C 1.6610104717664884 -0.2772454925182321 0.049168556345420805
C 0.7887975240579602 0.9787503001600395 -0.01657549136973431
C -0.7453799801654809 1.018068790681069 0.06792069733800025
C -1.783182095716411 -0.10126869356748315 -0.09492600209936641
C -2.5934658707100415 -0.7877301541746562 0.8107202061066147
H 3.301379544859642 -1.6980028040866655 -0.6963255494588151
H 2.8269961928434757 -0.2102768323694006 -1.5981756327521783
H 1.6053920817306648 -0.9821853767066187 0.97726600274682
H 1.1771019581627127 1.8978775027113721 -0.5251188678227275
H -1.0017353081467222 2.048349743524027 0.15561809017240774
H -1.998771252659887 -0.3618986706581262 -1.1635621107676557
H -3.353842102836451 -1.5005303095894362 0.4971066820888447
H -2.4966073330466374 -0.30315965736143985 1.7829825780524398
	14
 t=	1221.0
C 2.6934195890218287 -0.709105405009059 -0.7462854471978754
C 1.679804777957091 -0.3101061231314546 0.014879836398087213
C 0.7736996286023157 0.9616543105917931 -0.0018693862930997374
C -0.7217877644864 1.0251513682932523 0.06517589609140459
C -1.7936754485516662 -0.13435874142611096 -0.07393258162519263
C -2.616537631281776 -0.7574855373472313 0.7927987012125288
H 3.335059875572839 -1.611824866725513 -0.7198626067770743
H 2.927487139354651 -0.04831990449152734 -1.6995427452206164
H 1.5414833683198064 -0.949222720870296 0.9355283640883442
H 1.0896025017950903 1.7355666889472519 -0.6660511421406632
H -0.9741381514421329 2.0045669358109937 0.21018091705759123
H -1.998071531883425 -0.32508753629088183 -1.0776477177341397
H -3.435771583836546 -1.4556895442635278 0.5707584000011416
H -2.6633981039284595 -0.2520002561924009 1.8420838658694296
	14
 t=	1241.0
C 2.720307895517123 -0.6733174894588501 -0.7341769053435859
C 1.6955173682581477 -0.34362383800959573 -0.012143472169289828
C 0.7494180095213211 0.9346287041465537 0.00894103330696048
C -0.6874422041626352 1.0176983035573408 0.06388787119061988
C -1.8028952404868601 -0.16376734285800823 -0.04832864162776885
C -2.638009765150541 -0.7162090231608245 0.7816688242617523
H 3.3375666749493176 -1.5057570833828386 -0.7157602913928328
H 3.0177691934669584 0.06748358434897557 -1.7368224734682791
H 1.462509191943699 -0.8896567802153307 0.858052512674018
H 1.030827310762141 1.60773123341665 -0.7979381297486612
H -1.0017605912540288 2.0443872802700875 0.2637827616793635
H -1.981360626024804 -0.31573664840652704 -1.0594165747198863
H -3.4865623522737432 -1.4014279657437987 0.6314434714599058
H -2.818362987225111 -0.2668432897542133 1.8439719202249865
	14
 t=	1261.0
C 2.7496148204311783 -0.6233259384224401 -0.7390825077925653
C 1.7024451539321266 -0.37015283219025613 -0.03350741688390413
C 0.7231566852040605 0.8999834059209989 0.012022746710842865
C -0.651857472935392 1.0008672772763547 0.06656258749655067
C -1.8061226041683296 -0.18458066250173158 -0.02172845942002744
C -2.665439832567135 -0.6689709635393171 0.7835824883868229
H 3.366838517279555 -1.4563722427628631 -0.6828791207124557
H 3.0724240155147897 0.09833881919088233 -1.6543742415746727
H 1.3740644502242196 -0.8761383681443667 0.8107496313329471
H 1.002355378884159 1.5193948627449116 -0.9071231577870338
H -1.0527727934953348 2.0840064568550445 0.29985786550818
H -1.9510141111875283 -0.34095012161049876 -1.1131419586898972
H -3.5016728077927675 -1.3460040028390479 0.6523131579708673
H -2.9270167539204 -0.3231747927737775 1.7866477133029084
	14
 t=	1281.0
C 2.782928579804465 -0.5633604571689603 -0.7575808956906297
C 1.6969504798843447 -0.38625900691403703 -0.04831710907917947
C 0.7054424814860807 0.8609443655174778 0.0004518314985488516
C -0.6256109027824205 0.9831771658039398 0.07596546411900387
C -1.8049245455150458 -0.19851569071656514 -0.003445661196972849
C -2.6996686146494713 -0.6198179040353958 0.7948946818073351
H 3.423341183659759 -1.462117302364577 -0.6274499720271879
H 3.0948227996870905 0.07203777901890211 -1.4875685379178123
H 1.2901133642998304 -0.9402918632045412 0.8072847352338283
H 0.9944487626673896 1.4476205795472443 -0.9528603168395613
H -1.0907892999171678 2.044348538985097 0.30814430863653075
H -1.8898403010148825 -0.39117572951338 -1.1419612043618432
H -3.5006867767876426 -1.305827775754111 0.6077732143349961
H -2.9777431801241927 -0.37158963537353323 1.7487132338686437
	14
 t=	1301.0
C 2.8159205334657176 -0.512498663245897 -0.7705142853237332
C 1.6787958430906769 -0.39554398815072217 -0.05504534388083854
C 0.7018457892214837 0.818395184332159 -0.02713814677780114
C -0.6176708606932865 0.9641424591974482 0.09311794069489954
C -1.7918203757410176 -0.20220061746370657 0.0009181427859502229
C -2.7420348684776346 -0.5749895205348468 0.8099363595129847
H 3.457629061812459 -1.4449112775075437 -0.5683707205025048
H 3.1477340444765542 0.12910884337440245 -1.4010062421341494
H 1.2489280302708576 -1.048966751163482 0.7842773265985573
H 1.0013069991763361 1.4024994058971818 -0.9197909012622003
H -1.0903466282287977 1.9234811576815036 0.2747143945518283
H -1.8136398060382588 -0.4620315984313969 -1.0905970962657796
H -3.5017052813818617 -1.286904407182395 0.49604878425754917
H -2.9862021591432444 -0.3709380546226463 1.8141273071129895
	14
 t=	1321.0
C 2.841430348090481 -0.47938603898373894 -0.7659839604108585
C 1.6534686758136985 -0.4019421202002676 -0.05645476117546734
C 0.7110518001721347 0.771870495884931 -0.06614464043062027
C -0.6261612594425638 0.9355597041210786 0.11619615366966723
C -1.7692111069684382 -0.19692894046470133 -4.041826718300576e-05
C -2.7886799144781205 -0.5347991732815747 0.8245336122900693
H 3.4535998655863565 -1.3681015086146058 -0.5267374324453841
H 3.2622143069468468 0.3293034691917593 -1.454609650766971
H 1.2680251876488924 -1.160500171600166 0.7002025939793676
H 1.0336427516400515 1.4065824400738336 -0.8477559421619063
H -1.0800642736829313 1.8196553521363303 0.21604660064156717
H -1.7399094345972141 -0.5517944890738677 -0.9919764211009552
H -3.4963556062488466 -1.2669208020442893 0.3553125511709569
H -2.961954079349942 -0.331988925925525 1.9290221842019508
	14
 t=	1341.0
C 2.8623510462777735 -0.4466492081802127 -0.7561079454353895
C 1.624227691704739 -0.4056998323126508 -0.0562969736326826
C 0.7244364626719633 0.7194237191783024 -0.1117727450208775
C -0.6393887862686873 0.8884616500237442 0.1419777153337494
C -1.7433185067319277 -0.1844167226308943 0.007753834335223293
C -2.8335877058386107 -0.49781399310820174 0.8368499143896552
H 3.4460718958516052 -1.26798421165845 -0.50717902214396
H 3.348062939873407 0.4928494185743472 -1.4778616043522275
H 1.33508714405716 -1.2570646310904776 0.5648982402897056
H 1.105931717681644 1.4883352183353715 -0.7683409484452355
H -1.1039250572333663 1.844155955630385 0.14729567607120084
H -1.6768282564265435 -0.6715256028123154 -0.9263336074547134
H -3.4745630164777803 -1.2186728899159176 0.2439778884749599
H -2.9170307973064373 -0.2830010881831243 1.9804335514276419
	14
 t=	1361.0
C 2.8765751488941342 -0.40159117200000116 -0.7468332792171443
C 1.598884748350901 -0.4073686151684223 -0.06002081050510021
C 0.7339999141765924 0.6665144626550863 -0.16233043800522787
C -0.6525525891283752 0.832559327374957 0.1679173718880027
C -1.7214795157656095 -0.16943799949538305 0.028932690575140592
C -2.8683952395071253 -0.46189549196344254 0.8425029401054972
H 3.4895603706602936 -1.2140616540943499 -0.4974730888852484
H 3.363635132115023 0.5355974336653286 -1.4047155939243894
H 1.4129113525989405 -1.3485461060692183 0.41746279102614586
H 1.1975270448847857 1.6013358883693132 -0.6610651596912286
H -1.1189090515254734 1.911727110312379 0.0746139053116682
H -1.6257682860790599 -0.808394258340232 -0.8968815413947683
H -3.4482677670273563 -1.1413972789860594 0.20051422737825483
H -2.878209113360928 -0.23622107136309264 1.9319819812949532
	14
 t=	1381.0
C 2.8860124614826317 -0.3464523879994364 -0.7376733608731801
C 1.584873474270907 -0.41018323769002213 -0.07078357116032959
C 0.7354428715147412 0.6236478192540129 -0.21554197463841943
C -0.6626585438227507 0.7827451469628606 0.19234000549237448
C -1.7123420195284709 -0.16161086228429253 0.05930264629199807
C -2.8835941044924396 -0.42460413555972065 0.8346066592016143
H 3.573310770398698 -1.1961737764242093 -0.4981690313544718
H 3.3148894838967076 0.4748331302022098 -1.251222012950671
H 1.4653127894423186 -1.4400339917030918 0.28410482668228415
H 1.2645406024069568 1.6544407229276397 -0.5086192371043096
H -1.0793738993227302 1.9015497483313615 0.011462037122395297
H -1.5963351793667284 -0.9043253658931991 -0.8418672091165131
H -3.447570694630978 -1.0682248183668193 0.22334573651989822
H -2.872512311799793 -0.178723894412563 1.8396815198466874
	14
 t=	1401.0
C 2.8892322684812086 -0.29937580772795286 -0.7188637393990958
C 1.5887056516232936 -0.4209797370665069 -0.09085126329449843
C 0.7251531149043166 0.5971181342418395 -0.2653807813048598
C -0.6650492774675252 0.745175045391455 0.21198290506007922
C -1.716473109174214 -0.1665174880143877 0.0929722779597615
C -2.8774730562556843 -0.38510634874895694 0.8106765926224093
H 3.6356334764410634 -1.1500287689611277 -0.5216589576495518
H 3.273986127826296 0.46549807032830276 -1.1170493556200252
H 1.4771744037133043 -1.5018834908632284 0.16772790446256672
H 1.2800841276512485 1.6095569269178822 -0.3334046526563853
H -0.9929395410615126 1.790615017878757 -0.02431847570160065
H -1.5888054453465996 -0.9310389336680537 -0.7364824615544537
H -3.5085278263142357 -1.0342559597125345 0.2774484914939756
H -2.9110202027099166 -0.08574766591715219 1.805003926468315
	14
 t=	1421.0
C 2.883719942099234 -0.27424844426839623 -0.6840561861712762
C 1.6103446801768881 -0.44264280436719544 -0.12090316202239534
C 0.7026235116644194 0.5835069192032477 -0.30527030408799094
C -0.6550535119049624 0.7170589879432255 0.22498464399951681
C -1.7313342124589055 -0.18450327652686702 0.1272478065355936
C -2.856726458135451 -0.34420898763249946 0.7774080774951984
H 3.64831388151909 -1.0579586029355863 -0.5679529688536301
H 3.3099341384884937 0.6585685380414136 -1.0818673538205719
H 1.4470721544841088 -1.5135804680567104 0.06820195314591715
H 1.2495423662296976 1.5008481387099895 -0.17809000192788563
H -0.9004687155940707 1.6588802707807633 -0.027807200410085615
H -1.5951343205357669 -0.9121586720738757 -0.6154594091723179
H -3.61589816661766 -1.0342452509823048 0.35080437922919083
H -2.990633417629035 0.04514777527657238 1.8209701549598685
	14
 t=	1441.0
C 2.8773550443619014 -0.25168510033003205 -0.6433514074826833
C 1.6435558672974162 -0.47154055220830515 -0.16139227878890586
C 0.6698985934450372 0.5723735871967177 -0.3319002492662541
C -0.6312102630114885 0.686740045888137 0.2321194793567602
C -1.746732554789683 -0.20851425526559822 0.16080185231701202
C -2.8401070981751735 -0.3041560184128448 0.750250200514818
H 3.6404910930586536 -0.9611743450669337 -0.6246035636681152
H 3.328535809333688 0.8613524613686601 -1.0488984883282453
H 1.3871590735679944 -1.4990253483207825 -0.00836634273206173
H 1.21130273981833 1.4219244046693835 -0.06341839859933826
H -0.8572302492369284 1.6572272687501486 -0.015800691385697722
H -1.5998881592270917 -0.9218267830047118 -0.5563802800362245
H -3.699899160220267 -1.0196726502158815 0.45154937273561246
H -3.086183326076149 0.1846752730891423 1.788116941060501
	14
 t=	1461.0
C 2.87529175994886 -0.21617636402681206 -0.6043346967161767
C 1.6775829133224625 -0.5020670010825619 -0.21074066596668545
C 0.6339438659136075 0.5569850946496702 -0.34594804962214976
C -0.6011098394504342 0.6553338513850223 0.23365794503989026
C -1.7472010600209338 -0.23369398825047002 0.1871529656336853
C -2.8480616487377532 -0.26584712790702925 0.7420723380976812
H 3.6665658977818025 -0.911897737956574 -0.6822954864310099
H 3.275912167438377 0.9383897552302505 -0.9650077384529361
H 1.3174371341776592 -1.5005972513462957 -0.058653169128363526
H 1.1903413449588323 1.4260465770810506 0.01156221957501675
H -0.8634361584599833 1.757485550847058 0.02433847221444252
H -1.5971814163306073 -0.9938590994162538 -0.5815246196924072
H -3.7117752159967563 -0.9648441908705931 0.5637716174836269
H -3.164164887726868 0.31428312479388454 1.6655854738941975
	14
 t=	1481.0
C 2.8862013762313543 -0.16766301386827126 -0.5706520846082844
C 1.6989028581519645 -0.5321492127441969 -0.26510855248734866
C 0.6064755218942997 0.5397431676457362 -0.34939148762784966
C -0.5761275421970561 0.6335277484426745 0.23034178170049463
C -1.7284169304868846 -0.2643500962981083 0.19891607274668732
C -2.882385282737333 -0.22721595888217086 0.7529286240576584
H 3.715982070537043 -0.8945278411155145 -0.733132195842348
H 3.157995587209256 0.8799910508890715 -0.8321354681327039
H 1.2636731545384434 -1.5240304356992787 -0.09095389865436564
H 1.1673050434404046 1.46471908948279 0.03356614404704484
H -0.880684596576353 1.8100999054702935 0.1221399097463719
H -1.5979844999147836 -1.0705991183008623 -0.613433872069329
H -3.67006083250058 -0.900300690912178 0.6572695259875677
H -3.2116517718293243 0.45017887704413134 1.4919128195733444
	14
 t=	1501.0
C 2.9119559512154214 -0.12056505158881259 -0.5416075025631053
C 1.700753787932633 -0.5616132532504673 -0.3214349085087502
C 0.5985212258725254 0.5235201833114094 -0.3439435333346756
C -0.5658032345059952 0.6249396378604238 0.2250615935421577
C -1.7012367211448403 -0.3029898969558335 0.1987271281648045
C -2.9232920906459183 -0.18581366101529592 0.7713006181832115
H 3.7418091689878943 -0.8563049823820218 -0.7620307176651846
H 3.0247001555105775 0.8098292185432915 -0.6882742716269634
H 1.252421692216378 -1.5490537563732274 -0.12445559741524158
H 1.1232945761871953 1.4848639495325737 -0.01496269208123933
H -0.8887328699486969 1.7527185351896613 0.2670173730600998
H -1.6031526585091525 -1.1141493612346032 -0.5902167016525794
H -3.6564444708442103 -0.8983527883364215 0.7109488494990356
H -3.242794518517135 0.6385448115486277 1.343546112133076
