                 -0.00000    -0.04427     0.11016    -0.00000    -0.00000             -0.00430    -0.04265     0.00000     0.00000    -0.00000                  0.00000    -0.00151    -0.00000     0.00871     0.00000              -0.00165    -0.02112     0.00053     0.00128    -0.00017               0.00145    -0.00142    -0.00335    -0.00073    -0.00030                  -0.00000     0.00001     0.00008     0.00001     0.00024
                  0.06767     0.00000     0.00000     0.00000    -0.01498             -0.00000    -0.00000     0.00027    -0.00581    -0.00000                 -0.00350    -0.00000    -0.00000     0.00000    -0.00053              -0.00000     0.00000     0.00000     0.00000     0.00000              -0.00000     0.00000    -0.00000    -0.00000     0.00000                   0.00000    -0.00000    -0.00000     0.00000     0.00000
                 -0.00000     0.07668     0.06360    -0.00000     0.00000              0.00746    -0.02462     0.00000     0.00000     0.00000                 -0.00000    -0.00087    -0.00000     0.00503     0.00000               0.00288    -0.01215    -0.00191     0.00074     0.00031              -0.00252     0.00246    -0.00194     0.00127    -0.00017                  -0.00000    -0.00002     0.00005    -0.00002     0.00014
                 -0.00000     0.06010     0.01977    -0.00000     0.00000             -0.02821     0.10030    -0.00000    -0.00000     0.00000                  0.00000    -0.02196     0.00000    -0.06326    -0.00000              -0.01032     0.17982    -0.04634    -0.00651     0.05367              -0.04565     0.04934     0.07258     0.06372     0.05958                   0.00066     0.00038    -0.00134    -0.00222    -0.00333
                 -0.11947    -0.00000    -0.00000    -0.00000     0.18594             -0.00000     0.00000     0.10421     0.10839     0.00000                  0.04889    -0.00000    -0.00000    -0.00000    -0.00055              -0.00000    -0.00000    -0.00000    -0.00000    -0.00000              -0.00000     0.00000    -0.00000     0.00000    -0.00000                   0.00000     0.00000    -0.00000     0.00000    -0.00000
                 -0.00000    -0.10410     0.01141    -0.00000    -0.00000              0.04883     0.05792    -0.00000    -0.00000     0.00000                  0.00000    -0.01266     0.00000    -0.03660    -0.00000               0.01771     0.10137     0.08884    -0.00363    -0.09314               0.07901    -0.08528     0.04199    -0.11051     0.03425                   0.00038    -0.00068    -0.00079     0.00400    -0.00181
                  0.00000     0.00018    -0.06053     0.00000     0.00000             -0.12227    -0.01939     0.00000     0.00000    -0.00000                 -0.00000     0.13595     0.00000     0.00288    -0.00000              -0.09652     0.03155     0.02313    -0.02625     0.02741               0.05466    -0.06912    -0.01626    -0.00633    -0.08828                   0.00872    -0.01476    -0.02187     0.05078    -0.04489
                 -0.11943    -0.00000    -0.00000    -0.12172    -0.02274              0.00000    -0.00000    -0.07725    -0.05804    -0.07093                 -0.08713    -0.00000     0.07224     0.00000    -0.02859               0.00000     0.00000     0.00000     0.00000     0.00000               0.00000    -0.00000     0.00000    -0.00000    -0.00000                  -0.00000    -0.00000     0.00000    -0.00000     0.00000
                 -0.00000    -0.11104    -0.00271     0.00000    -0.00000              0.02155     0.10063    -0.00000    -0.00000    -0.00000                 -0.00000    -0.07067    -0.00000    -0.05571    -0.00000              -0.05321    -0.03818    -0.05877    -0.04504     0.06596               0.04272     0.00602    -0.09432     0.09266    -0.08815                  -0.00665     0.01085     0.01451    -0.02783     0.02496
                 -0.00000    -0.06126    -0.07533     0.00000    -0.00000             -0.04033    -0.02225     0.00000     0.00000    -0.00000                  0.00000     0.00461     0.00000    -0.03952    -0.00000               0.07446    -0.03534     0.07691     0.05295    -0.04431               0.00787     0.08184    -0.08795     0.07219     0.12475                   0.00115     0.00080     0.00396    -0.00250     0.00105
                  0.01378     0.00000     0.00000     0.12211    -0.07871             -0.00000     0.00000     0.10777    -0.02157    -0.06058                  0.01339     0.00000    -0.08170    -0.00000     0.07510              -0.00000     0.00000     0.00000    -0.00000    -0.00000              -0.00000    -0.00000    -0.00000    -0.00000     0.00000                   0.00000     0.00000    -0.00000    -0.00000     0.00000
                  0.00000    -0.02858    -0.01394     0.00000     0.00000             -0.13418     0.10465    -0.00000    -0.00000    -0.00000                  0.00000     0.01526    -0.00000     0.14146     0.00000               0.05244    -0.04908    -0.03956    -0.00011     0.00626              -0.01835     0.05243     0.03081    -0.05976     0.03218                   0.04261    -0.05611    -0.03109    -0.02069     0.02680
                  0.00000    -0.02319    -0.09772     0.00000    -0.00000              0.02815    -0.09665     0.00000     0.00000     0.00000                  0.00000    -0.14461    -0.00000     0.05953     0.00000              -0.00198     0.02942    -0.06886     0.00073     0.01691               0.02727     0.04637     0.05502    -0.07668    -0.05762                  -0.04495    -0.00189    -0.05462    -0.00149     0.01768
                  0.12446    -0.00000    -0.00000    -0.00000     0.11910              0.00000    -0.00000    -0.08334    -0.07705     0.00000                  0.07815    -0.00000    -0.00000     0.00000    -0.09286               0.00000    -0.00000    -0.00000     0.00000     0.00000               0.00000     0.00000     0.00000    -0.00000    -0.00000                   0.00000     0.00000     0.00000     0.00000    -0.00000
                  0.00000     0.04016    -0.05642     0.00000     0.00000             -0.04875    -0.05581     0.00000     0.00000     0.00000                  0.00000    -0.08346    -0.00000     0.03429     0.00000               0.00342     0.01362     0.12074     0.00041    -0.02940              -0.04725    -0.08015     0.03183     0.13296    -0.03309                  -0.02593     0.00396    -0.03153     0.00150     0.01025
                  0.00000     0.05538    -0.04974     0.00000     0.00000              0.13635     0.07953    -0.00000    -0.00000     0.00000                  0.00000     0.01551    -0.00000     0.10278     0.00000              -0.08255    -0.05997    -0.00662     0.02640     0.01684               0.01193    -0.08639    -0.01711     0.01546     0.09027                   0.03788     0.04806    -0.02488     0.01799     0.02435
                  0.01378     0.00000    -0.00000    -0.12211    -0.07871             -0.00000     0.00000     0.10777    -0.02157     0.06058                  0.01339    -0.00000     0.08170    -0.00000     0.07510              -0.00000    -0.00000     0.00000    -0.00000    -0.00000              -0.00000     0.00000    -0.00000    -0.00000    -0.00000                  -0.00000    -0.00000    -0.00000    -0.00000     0.00000
                  0.00000     0.03876    -0.05826     0.00000    -0.00000             -0.03215    -0.07161     0.00000     0.00000    -0.00000                 -0.00000    -0.00367     0.00000    -0.10485    -0.00000              -0.03827    -0.00244    -0.08664     0.04586     0.04172              -0.01600    -0.04485    -0.09145    -0.09261     0.09173                  -0.02054    -0.02869     0.01893    -0.00753    -0.01272
                  0.00000     0.09607    -0.03263     0.00000     0.00000              0.04245     0.07747    -0.00000    -0.00000     0.00000                 -0.00000     0.00680     0.00000    -0.04690    -0.00000               0.09430    -0.01893     0.03848    -0.05207    -0.07090              -0.06427     0.02918    -0.08992    -0.07682    -0.12064                  -0.00142    -0.00202     0.00163    -0.00124    -0.00087
                 -0.11943     0.00000     0.00000     0.12172    -0.02274             -0.00000    -0.00000    -0.07725    -0.05804     0.07093                 -0.08713     0.00000    -0.07224     0.00000    -0.02859               0.00000    -0.00000    -0.00000    -0.00000    -0.00000               0.00000    -0.00000     0.00000     0.00000     0.00000                  -0.00000    -0.00000     0.00000    -0.00000    -0.00000
                  0.00000    -0.05568    -0.05107     0.00000    -0.00000              0.11668    -0.06708     0.00000     0.00000     0.00000                 -0.00000     0.15306     0.00000     0.03038     0.00000               0.05698     0.04847    -0.04747    -0.00024     0.00918              -0.02597     0.06292     0.03296     0.05189    -0.03226                   0.01093     0.01803    -0.02585    -0.05586    -0.05377
                  0.00000    -0.03647    -0.08891     0.00000     0.00000             -0.09066    -0.07139     0.00000     0.00000    -0.00000                 -0.00000     0.15524     0.00000    -0.09061    -0.00000              -0.24009    -0.09358     0.09374    -0.22794    -0.07076              -0.22432    -0.00637     0.19648    -0.10763     0.04436                  -0.11677     0.18843     0.26284    -0.56497     0.49920
                 -0.15793     0.00000    -0.00000    -0.26546    -0.19141              0.00000    -0.00000    -0.34407     0.18008     0.47107                  0.48926     0.00000    -0.38984    -0.00000     0.18753              -0.00000    -0.00000     0.00000    -0.00000    -0.00000              -0.00000     0.00000     0.00000     0.00000     0.00000                  -0.00000    -0.00000     0.00000    -0.00000    -0.00000
                  0.00000    -0.17801    -0.05474     0.00000    -0.00000              0.07777     0.01098    -0.00000    -0.00000    -0.00000                 -0.00000    -0.05113     0.00000    -0.21403    -0.00000              -0.29600    -0.28341     0.05616    -0.40099    -0.10470              -0.45771     0.14634     0.25917    -0.06661     0.15557                   0.06821    -0.11000    -0.15159     0.31833    -0.28132
                 -0.00000    -0.13564    -0.03605     0.00000     0.00000              0.02395     0.12231    -0.00000    -0.00000     0.00000                 -0.00000     0.03520     0.00000    -0.24613    -0.00000               0.28618    -0.24680     0.09569     0.46506     0.43670              -0.27972    -0.29218     0.32661    -0.08952    -0.16671                   0.00057    -0.00350    -0.00678     0.00202     0.00014
                  0.06016     0.00000     0.00000     0.26716    -0.25440             -0.00000     0.00000     0.02632     0.45227     0.41288                 -0.07378    -0.00000     0.44983     0.00000    -0.43972               0.00000    -0.00000    -0.00000     0.00000     0.00000               0.00000     0.00000     0.00000     0.00000    -0.00000                   0.00000    -0.00000     0.00000    -0.00000     0.00000
                  0.00000    -0.02933    -0.01429     0.00000     0.00000             -0.13430     0.10646    -0.00000    -0.00000    -0.00000                  0.00000     0.00828    -0.00000     0.14962     0.00000               0.05845    -0.05417    -0.04405     0.00195     0.00955              -0.02314     0.06398     0.04089    -0.07247     0.03590                  -0.49963     0.63915     0.34372     0.22231    -0.28591
                  0.00000    -0.05314    -0.09816     0.00000    -0.00000             -0.05689    -0.09608     0.00000     0.00000     0.00000                 -0.00000    -0.15150    -0.00000     0.06958     0.00000               0.09869     0.03298    -0.28254     0.00098    -0.25449              -0.11811    -0.23002     0.06994     0.10487    -0.06837                   0.52824    -0.00047     0.60480     0.00652    -0.18884
                  0.27344    -0.00000    -0.00000    -0.00000     0.20121              0.00000    -0.00000    -0.35036     0.46354    -0.00000                 -0.46432     0.00000     0.00000    -0.00000     0.52766              -0.00000     0.00000     0.00000    -0.00000    -0.00000              -0.00000    -0.00000    -0.00000     0.00000     0.00000                   0.00000    -0.00000    -0.00000    -0.00000    -0.00000
                 -0.00000     0.09205    -0.05669     0.00000     0.00000              0.09857    -0.05544     0.00000     0.00000    -0.00000                  0.00000    -0.08732    -0.00000     0.04010    -0.00000              -0.17093     0.00558     0.49087    -0.00022     0.44068               0.20457     0.39863     0.03993    -0.18148    -0.03971                   0.30494    -0.00693     0.34916     0.00034    -0.10908
                  0.00000     0.09322    -0.03041     0.00000     0.00000              0.10429     0.15341    -0.00000    -0.00000    -0.00000                 -0.00000     0.02481     0.00000     0.00650    -0.00000              -0.19341    -0.17006    -0.01660     0.23505    -0.22593               0.15978     0.09100     0.19848     0.10763    -0.05197                  -0.43698    -0.55020     0.29342    -0.18100    -0.25348
                  0.06016     0.00000    -0.00000    -0.26716    -0.25440              0.00000     0.00000     0.02632     0.45227    -0.41288                 -0.07378     0.00000    -0.44983     0.00000    -0.43972               0.00000    -0.00000    -0.00000     0.00000     0.00000              -0.00000     0.00000    -0.00000     0.00000    -0.00000                   0.00000     0.00000    -0.00000     0.00000     0.00000
                 -0.00000     0.10281    -0.02408     0.00000     0.00000             -0.08792     0.05272    -0.00000    -0.00000    -0.00000                 -0.00000     0.02640     0.00000    -0.28795    -0.00000              -0.21828    -0.18257    -0.11255     0.40314    -0.37218               0.23051     0.28548     0.26178     0.04162    -0.16214                   0.25297     0.32170    -0.17720     0.10212     0.14639
                  0.00000     0.17238    -0.09186     0.00000    -0.00000             -0.02199    -0.02618     0.00000     0.00000    -0.00000                  0.00000     0.03321    -0.00000    -0.23065    -0.00000               0.37613    -0.28758    -0.10801    -0.46160     0.12509               0.50870    -0.12287     0.32310     0.11121     0.15724                   0.00071     0.00107     0.00010     0.00654     0.00623
                 -0.15793     0.00000     0.00000     0.26546    -0.19140              0.00000    -0.00000    -0.34407     0.18008    -0.47107                  0.48926    -0.00000     0.38984    -0.00000     0.18753               0.00000     0.00000     0.00000    -0.00000     0.00000              -0.00000    -0.00000    -0.00000    -0.00000    -0.00000                   0.00000    -0.00000    -0.00000    -0.00000     0.00000
                  0.00000    -0.05743    -0.04963     0.00000    -0.00000              0.11741    -0.06729     0.00000     0.00000     0.00000                 -0.00000     0.15999     0.00000     0.02858     0.00000               0.05993     0.06285    -0.05054     0.00306     0.00886              -0.03457     0.07875     0.04043     0.05998    -0.03922                  -0.13593    -0.21618     0.29949     0.62588     0.60011
